#
LF
Alfonso Soriano
34
147
548
496
67
128
40
3
24
79
5
1
45
123
.258
.322
.496
.818
110
246
12
3
1
3
3
#
CF
Angel Pagan
28
151
633
579
80
168
31
7
11
69
37
9
44
97
.290
.340
.425
.765
108
246
9
1
6
3
5
#
3B
Aramis Ramirez
32
124
507
465
61
112
21
1
25
83
0
0
34
90
.241
.294
.452
.745
92
210
10
3
0
5
3
#
1B
Aubrey Huff
33
157
668
569
100
165
35
5
26
86
7
0
83
91
.290
.385
.506
.891
138
288
17
9
0
7
5
#
SS
Alex Gonzalez
33
72
292
267
27
64
17
2
6
38
0
2
14
53
.240
.291
.386
.676
83
103
7
6
3
2
2
#
2B
Adam Kennedy
34
135
389
342
43
85
16
1
3
31
14
2
37
44
.249
.327
.327
.655
79
112
10
5
1
4
1
#
DH
Jack Cust
31
112
425
349
50
95
19
0
13
52
2
2
68
127
.272
.395
.438
.834
128
153
6
5
0
3
0
#
C
A.J. Ellis
29
44
128
108
6
30
5
0
0
16
0
0
14
18
.278
.363
.324
.687
92
35
5
1
4
1
1
#
RF
Allen Craig
25
44
124
114
12
28
7
0
4
18
0
1
9
26
.246
.298
.412
.711
92
47
1
0
0
1
1
###
#
CF
Aaron Rowand
32
105
357
331
42
76
12
2
11
34
5
3
16
74
.230
.281
.378
.659
75
125
11
8
1
1
3
#
2B
Aaron Miles
33
79
151
139
14
39
5
0
0
9
0
1
6
14
.281
.311
.317
.627
73
44
1
1
3
2
1
#
SS
Adam Everett
33
31
89
81
6
15
5
0
0
4
2
1
4
18
.185
.221
.247
.468
27
20
1
0
3
1
0
#
2B
Aaron Hill
28
138
580
528
70
108
22
0
26
68
2
2
41
85
.205
.271
.394
.665
79
208
8
8
1
2
2
@@@
#
SP
Adam Wainwright
28
20
11
.645
2.42
33
33
0
5
2
0
230.1
186
68
62
15
56
2
213
4
0
2
910
161
1.051
7.3
0.6
2.2
8.3
3.80
###
#
P
Adalberto Mendez
28
1
3
.250
5.11
5
5
0
0
0
0
24.2
28
14
14
7
12
0
11
2
0
0
109
83
1.622
10.2
2.6
4.4
4.0
0.92
#
P
Alex Burnett
22
2
2
.500
5.29
41
0
11
0
0
0
47.2
52
28
28
6
23
3
37
2
2
2
211
79
1.573
9.8
1.1
4.3
7.0
1.61
#
P
Aaron Laffey
25
2
3
.400
4.53
29
5
1
0
0
0
55.2
62
30
28
1
28
1
28
2
0
1
253
86
1.617
10.0
0.2
4.5
4.5
1.00
#
P
Andrew Oliver
22
0
4
.000
7.36
5
5
0
0
0
0
22.0
26
22
18
3
13
2
18
2
0
3
102
58
1.773
10.6
1.2
5.3
7.4
1.38
