#
3B
Casey McGehee
27
157
670
610
70
174
38
1
23
104
1
1
50
102
.285
.337
.464
.801
116
283
18
2
0
8
5
#
LF
Daniel Nava
27
60
188
161
23
39
14
1
1
26
1
1
19
46
.242
.351
.360
.711
91
58
5
8
0
0
1
#
C
Carlos Santana
24
46
192
150
23
39
13
0
6
22
3
0
37
29
.260
.401
.467
.868
144
70
3
1
0
4
2
#
1B
Daric Barton
24
159
686
556
79
152
33
5
10
57
7
3
110
102
.273
.393
.405
.798
119
225
8
3
12
5
2
#
SS
Cliff Pennington
26
156
576
508
64
127
26
8
6
46
29
5
50
96
.250
.319
.368
.687
88
187
7
3
12
3
0
#
RF
Delwyn Young
28
110
207
191
22
45
11
1
7
28
1
0
13
52
.236
.286
.414
.700
87
79
5
1
1
1
0
#
DH
Lance Berkman
34
37
123
106
9
27
7
0
1
9
0
0
17
15
.255
.358
.349
.707
91
37
6
0
0
0
3
#
2B
Brian Roberts
32
59
261
230
28
64
14
0
4
15
12
2
26
40
.278
.354
.391
.745
103
90
2
2
1
2
1
#
CF
Chris Young
26
156
664
584
94
150
33
0
27
91
28
7
74
145
.257
.341
.452
.793
109
264
10
2
1
3
0
###
#
1B
Adam LaRoche
30
151
615
560
75
146
37
2
25
100
0
1
48
172
.261
.320
.468
.788
106
262
8
3
0
4
4
#
C
Adam Moore
26
60
218
205
12
40
6
0
4
15
0
1
8
63
.195
.230
.283
.513
44
58
3
2
1
2
1
#
3B
Adrian Beltre
31
154
641
589
84
189
49
2
28
102
2
1
40
82
.321
.365
.553
.919
141
326
25
5
0
7
10
#
2B
Akinori Iwamura
31
54
193
165
18
30
6
1
2
9
3
1
26
31
.182
.292
.267
.558
53
44
4
0
1
1
0
@@@
#
SP
Ben Sheets
31
4
9
.308
4.53
20
20
0
0
0
0
119.1
123
65
60
18
43
2
84
0
0
3
511
92
1.391
9.3
1.4
3.2
6.3
1.95
###
#
P
Andrew Oliver
22
0
4
.000
7.36
5
5
0
0
0
0
22.0
26
22
18
3
13
2
18
2
0
3
102
58
1.773
10.6
1.2
5.3
7.4
1.38
#
P
Anthony Lerew
27
1
4
.200
8.54
6
6
0
0
0
0
26.1
34
25
25
9
9
0
18
2
0
1
120
50
1.633
11.6
3.1
3.1
6.2
2.00
#
P
Bill Bray
27
0
2
.000
4.13
35
0
4
0
0
0
28.1
21
13
13
4
10
1
30
0
0
2
117
98
1.094
6.7
1.3
3.2
9.5
3.00
#
RP
Blaine Boyer
28
3
2
.600
4.26
54
0
11
0
0
0
57.0
59
32
27
3
29
1
29
1
0
2
251
100
1.544
9.3
0.5
4.6
4.6
1.00
