#
C
Alex Avila
23
104
333
294
28
67
12
0
7
31
2
2
36
71
.228
.316
.340
.656
79
100
12
2
1
0
0
#
2B
Adam Rosales
27
80
279
255
31
69
8
2
7
31
2
2
19
65
.271
.321
.400
.721
96
102
1
1
2
2
0
#
SS
Alexei Ramirez
28
156
626
585
83
165
29
2
18
70
13
8
27
82
.282
.313
.431
.744
97
252
12
2
7
5
2
#
3B
Andy LaRoche
26
102
271
247
26
51
8
0
4
16
1
1
19
43
.206
.268
.287
.555
51
71
7
2
2
1
0
#
LF
Brett Gardner
26
150
569
477
97
132
20
7
5
47
47
9
79
101
.277
.383
.379
.762
106
181
6
5
5
3
1
#
CF
Andrew McCutchen
23
154
653
570
94
163
35
5
16
56
33
10
70
89
.286
.365
.449
.814
120
256
6
5
1
7
1
#
RF
Ben Zobrist
29
151
655
541
77
129
28
2
10
75
24
3
92
107
.238
.346
.353
.699
95
191
10
3
7
12
1
#
DH
Hank Blalock
29
26
69
63
8
16
3
0
1
7
1
1
6
15
.254
.319
.349
.668
86
22
1
0
0
0
0
#
1B
Albert Pujols
30
159
700
587
115
183
39
1
42
118
14
4
103
76
.312
.414
.596
1.011
173
350
23
4
0
6
38
###
#
2B
Aaron Hill
28
138
580
528
70
108
22
0
26
68
2
2
41
85
.205
.271
.394
.665
79
208
8
8
1
2
2
#
CF
Aaron Rowand
32
105
357
331
42
76
12
2
11
34
5
3
16
74
.230
.281
.378
.659
75
125
11
8
1
1
3
#
SS
Adam Everett
33
31
89
81
6
15
5
0
0
4
2
1
4
18
.185
.221
.247
.468
27
20
1
0
3
1
0
#
2B
Adam Kennedy
34
135
389
342
43
85
16
1
3
31
14
2
37
44
.249
.327
.327
.655
79
112
10
5
1
4
1
@@@
#
SP
Adam Wainwright
28
20
11
.645
2.42
33
33
0
5
2
0
230.1
186
68
62
15
56
2
213
4
0
2
910
161
1.051
7.3
0.6
2.2
8.3
3.80
###
#
P
Adam Ottavino
24
0
2
.000
8.46
5
3
0
0
0
0
22.1
37
21
21
5
9
1
12
0
0
1
110
47
2.060
14.9
2.0
3.6
4.8
1.33
#
RP
Alexi Ogando
26
4
1
.800
1.30
44
0
12
0
0
0
41.2
31
6
6
2
16
2
39
1
0
3
171
335
1.128
6.7
0.4
3.5
8.4
2.44
#
CL
Andrew Bailey
26
1
3
.250
1.47
47
0
42
0
0
25
49.0
34
8
8
3
13
1
42
0
0
0
189
284
0.959
6.2
0.6
2.4
7.7
3.23
#
P
Andrew Miller
25
1
5
.167
8.54
9
7
1
0
0
0
32.2
51
34
31
6
26
2
28
1
0
5
171
50
2.357
14.1
1.7
7.2
7.7
1.08
