#
LF
Chris Coghlan
25
91
400
358
60
96
20
3
5
28
10
3
33
84
.268
.335
.383
.718
90
137
3
4
3
2
1
#
C
Bobby Wilson
27
40
106
96
12
22
6
0
4
15
0
0
8
23
.229
.288
.417
.705
92
40
3
0
2
0
0
#
1B
Albert Pujols
30
159
700
587
115
183
39
1
42
118
14
4
103
76
.312
.414
.596
1.011
173
350
23
4
0
6
38
#
2B
Chase Utley
31
115
511
425
75
117
20
2
16
65
13
2
63
63
.275
.387
.445
.832
124
189
4
18
0
5
3
#
SS
Tommy Manzella
27
83
282
258
17
58
7
0
1
21
0
1
13
71
.225
.267
.264
.531
47
68
6
3
5
3
1
#
CF
Andrew McCutchen
23
154
653
570
94
163
35
5
16
56
33
10
70
89
.286
.365
.449
.814
120
256
6
5
1
7
1
#
RF
Ichiro Suzuki
36
162
732
680
74
214
30
3
6
43
42
9
45
86
.315
.359
.394
.754
113
268
3
3
3
1
13
#
DH
Vladimir Guerrero
35
152
643
593
83
178
27
1
29
115
4
5
35
60
.300
.345
.496
.841
122
294
19
9
0
6
5
#
3B
Juan Francisco
23
36
59
55
3
15
3
0
1
7
0
1
4
20
.273
.322
.382
.704
90
21
2
0
0
0
0
###
#
LF
Alfonso Soriano
34
147
548
496
67
128
40
3
24
79
5
1
45
123
.258
.322
.496
.818
110
246
12
3
1
3
3
#
CF
Adam Jones
24
149
621
581
76
165
25
5
19
69
7
7
23
119
.284
.325
.442
.767
107
257
17
13
2
2
1
#
2B
Adam Kennedy
34
135
389
342
43
85
16
1
3
31
14
2
37
44
.249
.327
.327
.655
79
112
10
5
1
4
1
#
C
Adam Moore
26
60
218
205
12
40
6
0
4
15
0
1
8
63
.195
.230
.283
.513
44
58
3
2
1
2
1
@@@
#
SP
Barry Zito
32
9
14
.391
4.15
34
33
1
1
0
0
199.1
184
97
92
20
84
7
150
7
0
7
848
98
1.344
8.3
0.9
3.8
6.8
1.79
###
#
P
Andrew Oliver
22
0
4
.000
7.36
5
5
0
0
0
0
22.0
26
22
18
3
13
2
18
2
0
3
102
58
1.773
10.6
1.2
5.3
7.4
1.38
#
P
Anthony Lerew
27
1
4
.200
8.54
6
6
0
0
0
0
26.1
34
25
25
9
9
0
18
2
0
1
120
50
1.633
11.6
3.1
3.1
6.2
2.00
#
P
Bill Bray
27
0
2
.000
4.13
35
0
4
0
0
0
28.1
21
13
13
4
10
1
30
0
0
2
117
98
1.094
6.7
1.3
3.2
9.5
3.00
#
RP
Blaine Boyer
28
3
2
.600
4.26
54
0
11
0
0
0
57.0
59
32
27
3
29
1
29
1
0
2
251
100
1.544
9.3
0.5
4.6
4.6
1.00
