#
DH
Manny Ramirez
38
24
88
69
6
18
1
0
1
2
0
0
14
23
.261
.420
.319
.739
102
22
2
5
0
0
0
#
RF
J.D. Drew
34
139
546
478
69
122
24
2
22
68
3
1
60
105
.255
.341
.452
.793
109
216
12
4
0
4
3
#
SS
Erick Aybar
26
138
589
534
69
135
18
4
5
29
22
8
35
81
.253
.306
.330
.636
76
176
7
7
11
2
1
#
CF
Darnell McDonald
31
117
363
319
40
86
18
3
9
34
9
1
30
85
.270
.336
.429
.766
103
137
5
2
12
0
1
#
1B
Jeff Clement
26
54
153
144
11
29
3
0
7
12
0
0
6
37
.201
.237
.368
.605
61
53
2
1
1
1
3
#
C
Chris Iannetta
27
61
223
188
20
37
6
1
9
27
1
0
30
48
.197
.318
.383
.701
78
72
4
4
0
1
2
#
3B
Chris Johnson
25
94
362
341
40
105
22
2
11
52
3
0
15
91
.308
.337
.481
.818
123
164
8
2
0
4
2
#
LF
Gabe Gross
30
105
243
222
27
53
11
1
1
25
5
1
17
39
.239
.290
.311
.601
65
69
5
0
2
2
2
#
2B
Chris Getz
26
72
248
224
23
53
9
0
0
18
15
2
19
28
.237
.302
.277
.579
61
62
3
2
3
0
1
###
#
2B
Akinori Iwamura
31
54
193
165
18
30
6
1
2
9
3
1
26
31
.182
.292
.267
.558
53
44
4
0
1
1
0
#
3B
Alberto Callaspo
27
88
373
349
40
96
19
2
8
43
3
1
19
29
.275
.308
.410
.718
95
143
14
0
0
5
2
#
2B
Alex Cora
34
62
187
169
14
35
6
3
0
20
4
1
10
16
.207
.265
.278
.543
49
47
4
4
2
2
1
#
LF
Alex Gordon
26
74
281
242
34
52
10
0
8
20
1
5
34
62
.215
.315
.355
.671
84
86
9
2
2
1
1
@@@
#
SP
Brett Cecil
23
15
7
.682
4.22
28
28
0
0
0
0
172.2
175
87
81
18
54
2
117
1
1
7
726
98
1.326
9.1
0.9
2.8
6.1
2.17
###
#
RP
Blaine Boyer
28
3
2
.600
4.26
54
0
11
0
0
0
57.0
59
32
27
3
29
1
29
1
0
2
251
100
1.544
9.3
0.5
4.6
4.6
1.00
#
CL
Billy Wagner
38
7
2
.778
1.43
71
0
64
0
0
37
69.1
38
14
11
5
22
3
104
3
0
2
268
275
0.865
4.9
0.6
2.9
13.5
4.73
#
P
Bob Howry
36
0
3
.000
5.66
24
0
6
0
0
0
20.2
29
19
13
2
7
1
8
0
0
2
101
78
1.742
12.6
0.9
3.0
3.5
1.14
#
P
Bobby Parnell
25
0
1
.000
2.83
41
0
10
0
0
0
35.0
41
13
11
1
8
2
33
0
0
0
149
140
1.400
10.5
0.3
2.1
8.5
4.13
