#
C
Brad Davis
27
33
123
109
8
23
7
1
3
16
2
0
9
37
.211
.270
.376
.647
69
41
1
1
1
3
2
#
1B
Carlos Pena
32
144
582
484
64
95
18
0
28
84
5
1
87
158
.196
.325
.407
.732
102
197
2
7
0
4
4
#
SS
Elvis Andrus
21
148
674
588
88
156
15
3
0
35
32
15
64
96
.265
.342
.301
.643
75
177
6
5
17
0
0
#
3B
Danny Valencia
25
85
322
299
30
93
18
1
7
40
2
0
20
46
.311
.351
.448
.799
116
134
11
0
0
3
0
#
2B
Blake DeWitt
24
53
204
184
18
46
9
1
4
22
1
0
17
37
.250
.314
.375
.689
79
69
1
1
0
2
4
#
LF
Gabe Gross
30
105
243
222
27
53
11
1
1
25
5
1
17
39
.239
.290
.311
.601
65
69
5
0
2
2
2
#
CF
Denard Span
26
153
705
629
85
166
24
10
3
58
26
4
60
74
.264
.331
.348
.679
85
219
12
4
10
2
0
#
RF
J.D. Drew
34
139
546
478
69
122
24
2
22
68
3
1
60
105
.255
.341
.452
.793
109
216
12
4
0
4
3
#
DH
Nick Johnson
31
24
98
72
12
12
4
0
2
8
0
1
24
23
.167
.388
.306
.693
89
22
2
2
0
0
0
###
#
1B
Adrian Gonzalez
28
160
692
591
87
176
33
0
31
101
0
0
93
114
.298
.393
.511
.904
152
302
15
2
2
4
35
#
2B
Akinori Iwamura
31
54
193
165
18
30
6
1
2
9
3
1
26
31
.182
.292
.267
.558
53
44
4
0
1
1
0
#
3B
Alberto Callaspo
27
88
373
349
40
96
19
2
8
43
3
1
19
29
.275
.308
.410
.718
95
143
14
0
0
5
2
#
IF
Alberto Gonzalez
27
114
198
186
19
46
8
1
0
5
0
0
7
30
.247
.277
.301
.578
57
56
8
1
3
1
0
@@@
#
SP
Brett Myers
29
14
8
.636
3.14
33
33
0
2
0
0
223.2
212
88
78
20
66
3
180
3
0
2
936
123
1.243
8.5
0.8
2.7
7.2
2.73
###
#
P
Blake Hawksworth
27
4
8
.333
4.98
45
8
9
0
0
0
90.1
113
56
50
15
35
0
61
2
3
1
409
79
1.638
11.3
1.5
3.5
6.1
1.74
#
RP
Blake Wood
24
1
3
.250
5.07
51
0
13
0
0
0
49.2
54
29
28
6
22
5
31
1
0
3
220
83
1.530
9.8
1.1
4.0
5.6
1.41
#
P
Bobby Cassevah
24
1
2
.333
3.15
16
0
9
0
0
0
20.0
23
11
7
0
8
2
8
1
0
1
94
131
1.550
10.4
0.0
3.6
3.6
1.00
#
P
Bob Howry
36
0
3
.000
5.66
24
0
6
0
0
0
20.2
29
19
13
2
7
1
8
0
0
2
101
78
1.742
12.6
0.9
3.0
3.5
1.14
#
CL
Bobby Jenks
29
1
3
.250
4.44
55
0
46
0
0
27
52.2
54
28
26
3
18
1
61
1
0
2
231
99
1.367
9.2
0.5
3.1
10.4
3.39
#
RP
Boone Logan
25
2
0
1.000
2.93
51
0
8
0
0
0
40.0
34
13
13
3
20
3
38
1
0
1
169
147
1.350
7.7
0.7
4.5
8.6
1.90
