#
C
Carlos Santana
24
46
192
150
23
39
13
0
6
22
3
0
37
29
.260
.401
.467
.868
144
70
3
1
0
4
2
#
3B
Alex Rodriguez
34
137
595
522
74
141
29
2
30
125
4
3
59
98
.270
.341
.506
.847
123
264
7
3
0
11
1
#
1B
Daric Barton
24
159
686
556
79
152
33
5
10
57
7
3
110
102
.273
.393
.405
.798
119
225
8
3
12
5
2
#
SS
Brendan Ryan
28
139
486
439
50
98
19
3
2
36
11
4
33
60
.223
.279
.294
.573
57
129
6
2
9
3
5
#
LF
Chris Coghlan
25
91
400
358
60
96
20
3
5
28
10
3
33
84
.268
.335
.383
.718
90
137
3
4
3
2
1
#
CF
Cameron Maybin
23
82
322
291
46
68
7
3
8
28
9
2
24
92
.234
.302
.361
.663
75
105
4
5
1
1
1
#
2B
Brandon Phillips
29
155
687
626
100
172
33
5
18
59
16
12
46
83
.275
.332
.430
.762
105
269
14
8
6
1
1
#
RF
Brad Hawpe
31
88
300
259
24
66
21
2
7
37
2
1
36
68
.255
.343
.432
.776
96
112
4
1
0
4
4
#
DH
Jack Cust
31
112
425
349
50
95
19
0
13
52
2
2
68
127
.272
.395
.438
.834
128
153
6
5
0
3
0
###
#
2B
Aaron Hill
28
138
580
528
70
108
22
0
26
68
2
2
41
85
.205
.271
.394
.665
79
208
8
8
1
2
2
#
SS
Adam Everett
33
31
89
81
6
15
5
0
0
4
2
1
4
18
.185
.221
.247
.468
27
20
1
0
3
1
0
#
2B
Adam Kennedy
34
135
389
342
43
85
16
1
3
31
14
2
37
44
.249
.327
.327
.655
79
112
10
5
1
4
1
#
DH
Adam Lind
26
150
613
569
57
135
32
3
23
72
0
0
38
144
.237
.287
.425
.712
92
242
10
3
0
3
3
@@@
#
SP
Andy Pettitte
38
11
3
.786
3.28
21
21
0
0
0
0
129.0
123
52
47
13
41
3
101
3
0
2
536
130
1.271
8.6
0.9
2.9
7.0
2.46
###
#
RP
Alexi Ogando
26
4
1
.800
1.30
44
0
12
0
0
0
41.2
31
6
6
2
16
2
39
1
0
3
171
335
1.128
6.7
0.4
3.5
8.4
2.44
#
CL
Andrew Bailey
26
1
3
.250
1.47
47
0
42
0
0
25
49.0
34
8
8
3
13
1
42
0
0
0
189
284
0.959
6.2
0.6
2.4
7.7
3.23
#
P
Andrew Miller
25
1
5
.167
8.54
9
7
1
0
0
0
32.2
51
34
31
6
26
2
28
1
0
5
171
50
2.357
14.1
1.7
7.2
7.7
1.08
#
P
Andrew Oliver
22
0
4
.000
7.36
5
5
0
0
0
0
22.0
26
22
18
3
13
2
18
2
0
3
102
58
1.773
10.6
1.2
5.3
7.4
1.38
#
P
Anthony Lerew
27
1
4
.200
8.54
6
6
0
0
0
0
26.1
34
25
25
9
9
0
18
2
0
1
120
50
1.633
11.6
3.1
3.1
6.2
2.00
#
P
Bill Bray
27
0
2
.000
4.13
35
0
4
0
0
0
28.1
21
13
13
4
10
1
30
0
0
2
117
98
1.094
6.7
1.3
3.2
9.5
3.00
