#
C
A.J. Ellis
29
44
128
108
6
30
5
0
0
16
0
0
14
18
.278
.363
.324
.687
92
35
5
1
4
1
1
#
1B
Adam Dunn
30
158
648
558
85
145
36
2
38
103
0
1
77
199
.260
.356
.536
.892
138
299
10
9
0
4
10
#
SS
Adam Everett
33
31
89
81
6
15
5
0
0
4
2
1
4
18
.185
.221
.247
.468
27
20
1
0
3
1
0
#
2B
Aaron Hill
28
138
580
528
70
108
22
0
26
68
2
2
41
85
.205
.271
.394
.665
79
208
8
8
1
2
2
#
3B
Adrian Beltre
31
154
641
589
84
189
49
2
28
102
2
1
40
82
.321
.365
.553
.919
141
326
25
5
0
7
10
#
LF
Alex Gordon
26
74
281
242
34
52
10
0
8
20
1
5
34
62
.215
.315
.355
.671
84
86
9
2
2
1
1
#
RF
Allen Craig
25
44
124
114
12
28
7
0
4
18
0
1
9
26
.246
.298
.412
.711
92
47
1
0
0
1
1
#
CF
Aaron Rowand
32
105
357
331
42
76
12
2
11
34
5
3
16
74
.230
.281
.378
.659
75
125
11
8
1
1
3
#
DH
Adam Lind
26
150
613
569
57
135
32
3
23
72
0
0
38
144
.237
.287
.425
.712
92
242
10
3
0
3
3
###
#
OF
Aaron Cunningham
24
53
147
132
17
38
12
1
1
15
1
3
7
28
.288
.331
.417
.748
109
55
3
3
2
3
1
#
C
Adam Moore
26
60
218
205
12
40
6
0
4
15
0
1
8
63
.195
.230
.283
.513
44
58
3
2
1
2
1
#
1B
Adrian Gonzalez
28
160
692
591
87
176
33
0
31
101
0
0
93
114
.298
.393
.511
.904
152
302
15
2
2
4
35
#
1B
Albert Pujols
30
159
700
587
115
183
39
1
42
118
14
4
103
76
.312
.414
.596
1.011
173
350
23
4
0
6
38
@@@
#
SP
A.J. Burnett
33
10
15
.400
5.26
33
33
0
1
0
0
186.2
204
118
109
25
78
2
145
19
0
16
829
81
1.511
9.8
1.2
3.8
7.0
1.86
###
#
RP
Aaron Heilman
31
5
8
.385
4.50
70
0
26
0
0
6
72.0
73
37
36
9
26
4
55
5
0
8
316
94
1.375
9.1
1.1
3.3
6.9
2.12
#
P
Adalberto Mendez
28
1
3
.250
5.11
5
5
0
0
0
0
24.2
28
14
14
7
12
0
11
2
0
0
109
83
1.622
10.2
2.6
4.4
4.0
0.92
#
P
Alex Burnett
22
2
2
.500
5.29
41
0
11
0
0
0
47.2
52
28
28
6
23
3
37
2
2
2
211
79
1.573
9.8
1.1
4.3
7.0
1.61
#
CL
Alfredo Simon
29
4
2
.667
4.93
49
0
35
0
0
17
49.1
54
30
27
10
22
2
37
2
0
1
222
86
1.541
9.9
1.8
4.0
6.8
1.68
