#
C
Adam Moore
26
60
218
205
12
40
6
0
4
15
0
1
8
63
.195
.230
.283
.513
44
58
3
2
1
2
1
#
1B
Brett Wallace
23
51
159
144
14
32
6
1
2
13
0
0
8
50
.222
.296
.319
.615
70
46
3
7
0
0
3
#
2B
Clint Barmes
31
133
432
387
43
91
21
0
8
50
3
2
35
66
.235
.305
.351
.656
67
136
5
5
2
3
10
#
SS
Angel Sanchez
26
65
269
250
30
70
9
4
0
25
0
1
11
45
.280
.316
.348
.664
83
87
8
2
6
0
0
#
3B
Brendan Harris
29
43
120
108
11
17
3
0
1
4
0
0
9
23
.157
.233
.213
.446
23
23
2
2
0
1
0
#
LF
Daniel Nava
27
60
188
161
23
39
14
1
1
26
1
1
19
46
.242
.351
.360
.711
91
58
5
8
0
0
1
#
CF
B.J. Upton
25
154
610
536
89
127
38
4
18
62
42
9
67
164
.237
.322
.424
.745
105
227
13
2
1
4
1
#
RF
Domonic Brown
22
35
70
62
8
13
3
0
2
13
2
1
5
24
.210
.257
.355
.612
63
22
1
0
0
3
1
#
DH
Jim Thome
39
108
340
276
48
78
16
2
25
59
0
0
60
82
.283
.412
.627
1.039
178
173
8
2
0
2
4
###
#
1B
Adrian Gonzalez
28
160
692
591
87
176
33
0
31
101
0
0
93
114
.298
.393
.511
.904
152
302
15
2
2
4
35
#
2B
Adam Kennedy
34
135
389
342
43
85
16
1
3
31
14
2
37
44
.249
.327
.327
.655
79
112
10
5
1
4
1
#
SS
Alcides Escobar
23
145
552
506
57
119
14
10
4
41
10
4
36
70
.235
.288
.326
.614
67
165
8
3
4
3
7
#
1B
Adam Dunn
30
158
648
558
85
145
36
2
38
103
0
1
77
199
.260
.356
.536
.892
138
299
10
9
0
4
10
@@@
#
SP
Brian Bannister
29
7
12
.368
6.34
24
23
1
0
0
0
127.2
158
92
90
23
50
0
77
3
0
10
581
66
1.629
11.1
1.6
3.5
5.4
1.54
###
#
P
Adam Ottavino
24
0
2
.000
8.46
5
3
0
0
0
0
22.1
37
21
21
5
9
1
12
0
0
1
110
47
2.060
14.9
2.0
3.6
4.8
1.33
#
P
Bob Howry
36
0
3
.000
5.66
24
0
6
0
0
0
20.2
29
19
13
2
7
1
8
0
0
2
101
78
1.742
12.6
0.9
3.0
3.5
1.14
#
P
Andy Sonnanstine
27
3
1
.750
4.44
41
4
23
0
0
1
81.0
83
40
40
11
27
3
50
7
0
3
355
89
1.358
9.2
1.2
3.0
5.6
1.85
#
P
Bobby Cramer
30
2
1
.667
3.04
4
4
0
0
0
0
23.2
20
8
8
5
6
0
13
0
0
0
93
138
1.099
7.6
1.9
2.3
4.9
2.17
#
RP
Andrew Cashner
23
2
6
.250
4.80
53
0
9
0
0
0
54.1
55
31
29
8
30
5
50
4
1
4
248
91
1.564
9.1
1.3
5.0
8.3
1.67
#
CL
Bobby Jenks
29
1
3
.250
4.44
55
0
46
0
0
27
52.2
54
28
26
3
18
1
61
1
0
2
231
99
1.367
9.2
0.5
3.1
10.4
3.39
