#
C
Bengie Molina
35
61
221
202
17
52
6
0
3
17
0
0
14
19
.257
.312
.332
.644
74
67
7
3
0
2
4
#
1B
Garrett Atkins
30
44
152
140
5
30
7
0
1
9
0
0
12
30
.214
.276
.286
.562
54
40
7
0
0
0
0
#
2B
Chone Figgins
32
161
702
602
62
156
21
2
1
35
42
15
74
114
.259
.340
.306
.646
84
184
19
3
17
6
0
#
SS
Edgar Renteria
33
72
267
243
26
67
11
2
3
22
3
0
21
43
.276
.332
.374
.707
90
91
8
0
2
1
3
#
3B
Chad Tracy
30
41
111
102
5
25
6
0
1
10
0
0
6
21
.245
.297
.333
.631
67
34
2
2
0
1
0
#
LF
Eric Patterson
27
45
111
103
13
21
5
2
4
9
6
0
7
31
.204
.255
.408
.662
78
42
1
0
1
0
0
#
CF
Coco Crisp
30
75
328
290
51
81
14
4
8
38
32
3
30
49
.279
.342
.438
.779
112
127
6
0
3
5
0
#
RF
Delwyn Young
28
110
207
191
22
45
11
1
7
28
1
0
13
52
.236
.286
.414
.700
87
79
5
1
1
1
0
#
DH
Manny Ramirez
38
24
88
69
6
18
1
0
1
2
0
0
14
23
.261
.420
.319
.739
102
22
2
5
0
0
0
###
#
C
Adam Moore
26
60
218
205
12
40
6
0
4
15
0
1
8
63
.195
.230
.283
.513
44
58
3
2
1
2
1
#
1B
Adrian Gonzalez
28
160
692
591
87
176
33
0
31
101
0
0
93
114
.298
.393
.511
.904
152
302
15
2
2
4
35
#
DH
Adam Lind
26
150
613
569
57
135
32
3
23
72
0
0
38
144
.237
.287
.425
.712
92
242
10
3
0
3
3
#
3B
Adrian Beltre
31
154
641
589
84
189
49
2
28
102
2
1
40
82
.321
.365
.553
.919
141
326
25
5
0
7
10
@@@
#
SP
Barry Zito
32
9
14
.391
4.15
34
33
1
1
0
0
199.1
184
97
92
20
84
7
150
7
0
7
848
98
1.344
8.3
0.9
3.8
6.8
1.79
###
#
P
Andrew Miller
25
1
5
.167
8.54
9
7
1
0
0
0
32.2
51
34
31
6
26
2
28
1
0
5
171
50
2.357
14.1
1.7
7.2
7.7
1.08
#
P
Andy Sonnanstine
27
3
1
.750
4.44
41
4
23
0
0
1
81.0
83
40
40
11
27
3
50
7
0
3
355
89
1.358
9.2
1.2
3.0
5.6
1.85
#
RP
Alexi Ogando
26
4
1
.800
1.30
44
0
12
0
0
0
41.2
31
6
6
2
16
2
39
1
0
3
171
335
1.128
6.7
0.4
3.5
8.4
2.44
#
RP
Blaine Boyer
28
3
2
.600
4.26
54
0
11
0
0
0
57.0
59
32
27
3
29
1
29
1
0
2
251
100
1.544
9.3
0.5
4.6
4.6
1.00
