#
LF
Alfonso Soriano
34
147
548
496
67
128
40
3
24
79
5
1
45
123
.258
.322
.496
.818
110
246
12
3
1
3
3
#
C
A.J. Pierzynski
33
128
503
474
43
128
29
0
9
56
3
4
15
39
.270
.300
.388
.688
83
184
17
6
6
2
2
#
1B
Adam LaRoche
30
151
615
560
75
146
37
2
25
100
0
1
48
172
.261
.320
.468
.788
106
262
8
3
0
4
4
#
SS
Alcides Escobar
23
145
552
506
57
119
14
10
4
41
10
4
36
70
.235
.288
.326
.614
67
165
8
3
4
3
7
#
3B
Alberto Callaspo
27
88
373
349
40
96
19
2
8
43
3
1
19
29
.275
.308
.410
.718
95
143
14
0
0
5
2
#
2B
Aaron Miles
33
79
151
139
14
39
5
0
0
9
0
1
6
14
.281
.311
.317
.627
73
44
1
1
3
2
1
#
CF
Adam Jones
24
149
621
581
76
165
25
5
19
69
7
7
23
119
.284
.325
.442
.767
107
257
17
13
2
2
1
#
RF
Andre Ethier
28
139
585
517
71
151
33
1
23
82
2
1
59
102
.292
.364
.493
.857
134
255
11
3
0
6
11
#
DH
David Ortiz
34
145
606
518
86
140
36
1
32
102
0
1
82
145
.270
.370
.529
.899
137
274
12
2
0
4
14
###
#
OF
Aaron Cunningham
24
53
147
132
17
38
12
1
1
15
1
3
7
28
.288
.331
.417
.748
109
55
3
3
2
3
1
#
C
Alex Avila
23
104
333
294
28
67
12
0
7
31
2
2
36
71
.228
.316
.340
.656
79
100
12
2
1
0
0
#
LF
Alex Gordon
26
74
281
242
34
52
10
0
8
20
1
5
34
62
.215
.315
.355
.671
84
86
9
2
2
1
1
#
MI
Alexi Casilla
25
69
170
152
26
42
7
4
1
20
6
1
13
17
.276
.331
.395
.726
97
60
5
0
4
1
0
@@@
#
SP
Ben Sheets
31
4
9
.308
4.53
20
20
0
0
0
0
119.1
123
65
60
18
43
2
84
0
0
3
511
92
1.391
9.3
1.4
3.2
6.3
1.95
###
#
P
Andrew Oliver
22
0
4
.000
7.36
5
5
0
0
0
0
22.0
26
22
18
3
13
2
18
2
0
3
102
58
1.773
10.6
1.2
5.3
7.4
1.38
#
CL
Andrew Bailey
26
1
3
.250
1.47
47
0
42
0
0
25
49.0
34
8
8
3
13
1
42
0
0
0
189
284
0.959
6.2
0.6
2.4
7.7
3.23
#
P
Adalberto Mendez
28
1
3
.250
5.11
5
5
0
0
0
0
24.2
28
14
14
7
12
0
11
2
0
0
109
83
1.622
10.2
2.6
4.4
4.0
0.92
#
RP
Aaron Heilman
31
5
8
.385
4.50
70
0
26
0
0
6
72.0
73
37
36
9
26
4
55
5
0
8
316
94
1.375
9.1
1.1
3.3
6.9
2.12
#
P
Bobby Cassevah
24
1
2
.333
3.15
16
0
9
0
0
0
20.0
23
11
7
0
8
2
8
1
0
1
94
131
1.550
10.4
0.0
3.6
3.6
1.00
#
P
Bill Bray
27
0
2
.000
4.13
35
0
4
0
0
0
28.1
21
13
13
4
10
1
30
0
0
2
117
98
1.094
6.7
1.3
3.2
9.5
3.00
