#
C
Brad Davis
27
33
123
109
8
23
7
1
3
16
2
0
9
37
.211
.270
.376
.647
69
41
1
1
1
3
2
#
1B
Aubrey Huff
33
157
668
569
100
165
35
5
26
86
7
0
83
91
.290
.385
.506
.891
138
288
17
9
0
7
5
#
2B
Akinori Iwamura
31
54
193
165
18
30
6
1
2
9
3
1
26
31
.182
.292
.267
.558
53
44
4
0
1
1
0
#
SS
Anderson Hernandez
27
22
63
61
6
15
3
0
0
2
1
0
2
9
.246
.270
.295
.565
59
18
2
0
0
0
0
#
3B
Andy LaRoche
26
102
271
247
26
51
8
0
4
16
1
1
19
43
.206
.268
.287
.555
51
71
7
2
2
1
0
#
LF
Chris Carter
23
24
78
70
8
13
1
0
3
7
1
0
7
21
.186
.256
.329
.585
59
23
3
0
0
1
0
#
CF
B.J. Upton
25
154
610
536
89
127
38
4
18
62
42
9
67
164
.237
.322
.424
.745
105
227
13
2
1
4
1
#
RF
Carlos Quentin
27
131
527
453
73
110
25
2
26
87
2
2
50
83
.243
.342
.479
.821
117
217
16
20
0
4
3
#
DH
Johnny Damon
36
145
613
539
81
146
36
5
8
51
11
1
69
90
.271
.355
.401
.756
106
216
5
2
2
1
2
###
#
1B
Adam Dunn
30
158
648
558
85
145
36
2
38
103
0
1
77
199
.260
.356
.536
.892
138
299
10
9
0
4
10
#
1B
Adam LaRoche
30
151
615
560
75
146
37
2
25
100
0
1
48
172
.261
.320
.468
.788
106
262
8
3
0
4
4
#
2B
Adam Kennedy
34
135
389
342
43
85
16
1
3
31
14
2
37
44
.249
.327
.327
.655
79
112
10
5
1
4
1
#
2B
Adam Rosales
27
80
279
255
31
69
8
2
7
31
2
2
19
65
.271
.321
.400
.721
96
102
1
1
2
2
0
@@@
#
SP
Barry Enright
24
6
7
.462
3.91
17
17
0
0
0
0
99.0
97
43
43
20
29
0
49
1
0
0
410
109
1.273
8.8
1.8
2.6
4.5
1.69
###
#
RP
Andrew Cashner
23
2
6
.250
4.80
53
0
9
0
0
0
54.1
55
31
29
8
30
5
50
4
1
4
248
91
1.564
9.1
1.3
5.0
8.3
1.67
#
P
Andrew Oliver
22
0
4
.000
7.36
5
5
0
0
0
0
22.0
26
22
18
3
13
2
18
2
0
3
102
58
1.773
10.6
1.2
5.3
7.4
1.38
#
P
Anthony Lerew
27
1
4
.200
8.54
6
6
0
0
0
0
26.1
34
25
25
9
9
0
18
2
0
1
120
50
1.633
11.6
3.1
3.1
6.2
2.00
#
CL
Alfredo Simon
29
4
2
.667
4.93
49
0
35
0
0
17
49.1
54
30
27
10
22
2
37
2
0
1
222
86
1.541
9.9
1.8
4.0
6.8
1.68
