#
C
Bobby Wilson
27
40
106
96
12
22
6
0
4
15
0
0
8
23
.229
.288
.417
.705
92
40
3
0
2
0
0
#
1B
Billy Butler
24
158
678
595
77
189
45
0
15
78
0
0
69
78
.318
.388
.469
.857
134
279
32
5
0
9
8
#
2B
Alex Cora
34
62
187
169
14
35
6
3
0
20
4
1
10
16
.207
.265
.278
.543
49
47
4
4
2
2
1
#
SS
Angel Sanchez
26
65
269
250
30
70
9
4
0
25
0
1
11
45
.280
.316
.348
.664
83
87
8
2
6
0
0
#
3B
Brandon Inge
33
144
580
514
47
127
28
5
13
70
4
3
54
134
.247
.321
.397
.718
94
204
12
5
0
7
4
#
LF
Carlos Lee
34
157
649
605
67
149
29
1
24
89
3
3
37
59
.246
.291
.417
.708
93
252
20
3
0
4
1
#
CF
Austin Jackson
23
151
675
618
103
181
34
10
4
41
27
6
47
170
.293
.345
.400
.745
102
247
5
4
3
3
4
#
RF
Brad Hawpe
31
88
300
259
24
66
21
2
7
37
2
1
36
68
.255
.343
.432
.776
96
112
4
1
0
4
4
#
DH
Jack Cust
31
112
425
349
50
95
19
0
13
52
2
2
68
127
.272
.395
.438
.834
128
153
6
5
0
3
0
###
#
CF
Aaron Rowand
32
105
357
331
42
76
12
2
11
34
5
3
16
74
.230
.281
.378
.659
75
125
11
8
1
1
3
#
SS
Adam Everett
33
31
89
81
6
15
5
0
0
4
2
1
4
18
.185
.221
.247
.468
27
20
1
0
3
1
0
#
2B
Adam Kennedy
34
135
389
342
43
85
16
1
3
31
14
2
37
44
.249
.327
.327
.655
79
112
10
5
1
4
1
#
DH
Adam Lind
26
150
613
569
57
135
32
3
23
72
0
0
38
144
.237
.287
.425
.712
92
242
10
3
0
3
3
@@@
#
SP
Andy Pettitte
38
11
3
.786
3.28
21
21
0
0
0
0
129.0
123
52
47
13
41
3
101
3
0
2
536
130
1.271
8.6
0.9
2.9
7.0
2.46
###
#
RP
Alexi Ogando
26
4
1
.800
1.30
44
0
12
0
0
0
41.2
31
6
6
2
16
2
39
1
0
3
171
335
1.128
6.7
0.4
3.5
8.4
2.44
#
CL
Andrew Bailey
26
1
3
.250
1.47
47
0
42
0
0
25
49.0
34
8
8
3
13
1
42
0
0
0
189
284
0.959
6.2
0.6
2.4
7.7
3.23
#
P
Andrew Miller
25
1
5
.167
8.54
9
7
1
0
0
0
32.2
51
34
31
6
26
2
28
1
0
5
171
50
2.357
14.1
1.7
7.2
7.7
1.08
#
P
Andy Sonnanstine
27
3
1
.750
4.44
41
4
23
0
0
1
81.0
83
40
40
11
27
3
50
7
0
3
355
89
1.358
9.2
1.2
3.0
5.6
1.85
