#
C
Brian Schneider
33
47
147
125
17
30
4
1
4
15
0
0
19
25
.240
.345
.384
.729
96
48
3
1
2
0
2
#
1B
Adam Dunn
30
158
648
558
85
145
36
2
38
103
0
1
77
199
.260
.356
.536
.892
138
299
10
9
0
4
10
#
2B
Adam Rosales
27
80
279
255
31
69
8
2
7
31
2
2
19
65
.271
.321
.400
.721
96
102
1
1
2
2
0
#
3B
Andy LaRoche
26
102
271
247
26
51
8
0
4
16
1
1
19
43
.206
.268
.287
.555
51
71
7
2
2
1
0
#
LF
Brett Gardner
26
150
569
477
97
132
20
7
5
47
47
9
79
101
.277
.383
.379
.762
106
181
6
5
5
3
1
#
SS
Alexei Ramirez
28
156
626
585
83
165
29
2
18
70
13
8
27
82
.282
.313
.431
.744
97
252
12
2
7
5
2
#
CF
Andrew McCutchen
23
154
653
570
94
163
35
5
16
56
33
10
70
89
.286
.365
.449
.814
120
256
6
5
1
7
1
#
RF
Ben Zobrist
29
151
655
541
77
129
28
2
10
75
24
3
92
107
.238
.346
.353
.699
95
191
10
3
7
12
1
#
DH
Hank Blalock
29
26
69
63
8
16
3
0
1
7
1
1
6
15
.254
.319
.349
.668
86
22
1
0
0
0
0
###
#
2B
Aaron Hill
28
138
580
528
70
108
22
0
26
68
2
2
41
85
.205
.271
.394
.665
79
208
8
8
1
2
2
#
CF
Aaron Rowand
32
105
357
331
42
76
12
2
11
34
5
3
16
74
.230
.281
.378
.659
75
125
11
8
1
1
3
#
CF
Adam Jones
24
149
621
581
76
165
25
5
19
69
7
7
23
119
.284
.325
.442
.767
107
257
17
13
2
2
1
#
DH
Adam Lind
26
150
613
569
57
135
32
3
23
72
0
0
38
144
.237
.287
.425
.712
92
242
10
3
0
3
3
@@@
#
SP
Adam Wainwright
28
20
11
.645
2.42
33
33
0
5
2
0
230.1
186
68
62
15
56
2
213
4
0
2
910
161
1.051
7.3
0.6
2.2
8.3
3.80
###
#
P
Adam Ottavino
24
0
2
.000
8.46
5
3
0
0
0
0
22.1
37
21
21
5
9
1
12
0
0
1
110
47
2.060
14.9
2.0
3.6
4.8
1.33
#
RP
Alexi Ogando
26
4
1
.800
1.30
44
0
12
0
0
0
41.2
31
6
6
2
16
2
39
1
0
3
171
335
1.128
6.7
0.4
3.5
8.4
2.44
#
CL
Andrew Bailey
26
1
3
.250
1.47
47
0
42
0
0
25
49.0
34
8
8
3
13
1
42
0
0
0
189
284
0.959
6.2
0.6
2.4
7.7
3.23
#
P
Andrew Miller
25
1
5
.167
8.54
9
7
1
0
0
0
32.2
51
34
31
6
26
2
28
1
0
5
171
50
2.357
14.1
1.7
7.2
7.7
1.08
#
P
Andy Sonnanstine
27
3
1
.750
4.44
41
4
23
0
0
1
81.0
83
40
40
11
27
3
50
7
0
3
355
89
1.358
9.2
1.2
3.0
5.6
1.85
#
RP
Arthur Rhodes
40
4
4
.500
2.29
69
0
8
0
0
0
55.0
38
14
14
4
18
0
50
1
0
1
217
175
1.018
6.2
0.7
2.9
8.2
2.78
