#
C
Brad Ausmus
41
21
71
63
4
14
2
0
0
2
0
0
7
15
.222
.310
.254
.564
58
16
3
1
0
0
1
#
1B
Brett Wallace
23
51
159
144
14
32
6
1
2
13
0
0
8
50
.222
.296
.319
.615
70
46
3
7
0
0
3
#
2B
Andres Blanco
26
68
185
166
17
46
10
1
0
13
0
2
11
24
.277
.330
.349
.679
82
58
0
3
3
2
1
#
SS
Asdrubal Cabrera
24
97
425
381
39
105
16
1
3
29
6
4
25
60
.276
.326
.346
.673
90
132
10
5
11
3
0
#
3B
Brendan Harris
29
43
120
108
11
17
3
0
1
4
0
0
9
23
.157
.233
.213
.446
23
23
2
2
0
1
0
#
LF
Chris Carter
23
24
78
70
8
13
1
0
3
7
1
0
7
21
.186
.256
.329
.585
59
23
3
0
0
1
0
#
CF
B.J. Upton
25
154
610
536
89
127
38
4
18
62
42
9
67
164
.237
.322
.424
.745
105
227
13
2
1
4
1
#
RF
Carlos Quentin
27
131
527
453
73
110
25
2
26
87
2
2
50
83
.243
.342
.479
.821
117
217
16
20
0
4
3
#
DH
Jim Thome
39
108
340
276
48
78
16
2
25
59
0
0
60
82
.283
.412
.627
1.039
178
173
8
2
0
2
4
###
#
1B
Adam Dunn
30
158
648
558
85
145
36
2
38
103
0
1
77
199
.260
.356
.536
.892
138
299
10
9
0
4
10
#
CF
Adam Jones
24
149
621
581
76
165
25
5
19
69
7
7
23
119
.284
.325
.442
.767
107
257
17
13
2
2
1
#
1B
Adam LaRoche
30
151
615
560
75
146
37
2
25
100
0
1
48
172
.261
.320
.468
.788
106
262
8
3
0
4
4
#
2B
Adam Rosales
27
80
279
255
31
69
8
2
7
31
2
2
19
65
.271
.321
.400
.721
96
102
1
1
2
2
0
@@@
#
SP
Anibal Sanchez
26
13
12
.520
3.55
32
32
0
1
1
0
195.0
192
89
77
10
70
5
157
7
0
7
841
118
1.344
8.9
0.5
3.2
7.2
2.24
###
#
CL
Alfredo Simon
29
4
2
.667
4.93
49
0
35
0
0
17
49.1
54
30
27
10
22
2
37
2
0
1
222
86
1.541
9.9
1.8
4.0
6.8
1.68
#
RP
Andrew Cashner
23
2
6
.250
4.80
53
0
9
0
0
0
54.1
55
31
29
8
30
5
50
4
1
4
248
91
1.564
9.1
1.3
5.0
8.3
1.67
#
P
Andrew Oliver
22
0
4
.000
7.36
5
5
0
0
0
0
22.0
26
22
18
3
13
2
18
2
0
3
102
58
1.773
10.6
1.2
5.3
7.4
1.38
#
P
Anthony Lerew
27
1
4
.200
8.54
6
6
0
0
0
0
26.1
34
25
25
9
9
0
18
2
0
1
120
50
1.633
11.6
3.1
3.1
6.2
2.00
#
P
Bill Bray
27
0
2
.000
4.13
35
0
4
0
0
0
28.1
21
13
13
4
10
1
30
0
0
2
117
98
1.094
6.7
1.3
3.2
9.5
3.00
#
RP
Blaine Boyer
28
3
2
.600
4.26
54
0
11
0
0
0
57.0
59
32
27
3
29
1
29
1
0
2
251
100
1.544
9.3
0.5
4.6
4.6
1.00
