#
3B
Aramis Ramirez
32
124
507
465
61
112
21
1
25
83
0
0
34
90
.241
.294
.452
.745
92
210
10
3
0
5
3
#
C
Bengie Molina
35
61
221
202
17
52
6
0
3
17
0
0
14
19
.257
.312
.332
.644
74
67
7
3
0
2
4
#
2B
Akinori Iwamura
31
54
193
165
18
30
6
1
2
9
3
1
26
31
.182
.292
.267
.558
53
44
4
0
1
1
0
#
SS
Anderson Hernandez
27
22
63
61
6
15
3
0
0
2
1
0
2
9
.246
.270
.295
.565
59
18
2
0
0
0
0
#
LF
Carl Crawford
28
154
657
600
110
184
30
13
19
90
47
10
46
104
.307
.356
.495
.851
134
297
2
3
3
5
3
#
1B
Aubrey Huff
33
157
668
569
100
165
35
5
26
86
7
0
83
91
.290
.385
.506
.891
138
288
17
9
0
7
5
#
CF
Angel Pagan
28
151
633
579
80
168
31
7
11
69
37
9
44
97
.290
.340
.425
.765
108
246
9
1
6
3
5
#
RF
Bobby Abreu
36
154
667
573
88
146
41
1
20
78
24
10
87
132
.255
.352
.435
.787
116
249
13
2
0
5
3
#
DH
Hideki Matsui
36
145
554
482
55
132
24
1
21
84
0
1
67
98
.274
.361
.459
.820
124
221
10
1
0
4
6
###
#
2B
Aaron Miles
33
79
151
139
14
39
5
0
0
9
0
1
6
14
.281
.311
.317
.627
73
44
1
1
3
2
1
#
1B
Adam Dunn
30
158
648
558
85
145
36
2
38
103
0
1
77
199
.260
.356
.536
.892
138
299
10
9
0
4
10
#
CF
Adam Jones
24
149
621
581
76
165
25
5
19
69
7
7
23
119
.284
.325
.442
.767
107
257
17
13
2
2
1
#
1B
Adam LaRoche
30
151
615
560
75
146
37
2
25
100
0
1
48
172
.261
.320
.468
.788
106
262
8
3
0
4
4
@@@
#
SP
Alex Sanabia
21
5
3
.625
3.73
15
12
0
0
0
0
72.1
74
32
30
6
16
2
47
3
0
0
307
113
1.244
9.2
0.7
2.0
5.8
2.94
###
#
P
Alex Burnett
22
2
2
.500
5.29
41
0
11
0
0
0
47.2
52
28
28
6
23
3
37
2
2
2
211
79
1.573
9.8
1.1
4.3
7.0
1.61
#
CL
Alfredo Simon
29
4
2
.667
4.93
49
0
35
0
0
17
49.1
54
30
27
10
22
2
37
2
0
1
222
86
1.541
9.9
1.8
4.0
6.8
1.68
#
RP
Andrew Cashner
23
2
6
.250
4.80
53
0
9
0
0
0
54.1
55
31
29
8
30
5
50
4
1
4
248
91
1.564
9.1
1.3
5.0
8.3
1.67
#
P
Andrew Oliver
22
0
4
.000
7.36
5
5
0
0
0
0
22.0
26
22
18
3
13
2
18
2
0
3
102
58
1.773
10.6
1.2
5.3
7.4
1.38
