#
SS
Derek Jeter
36
157
739
663
111
179
30
3
10
67
18
5
63
106
.270
.340
.370
.710
90
245
22
9
1
3
4
#
1B
Albert Pujols
30
159
700
587
115
183
39
1
42
118
14
4
103
76
.312
.414
.596
1.011
173
350
23
4
0
6
38
#
2B
Robinson Cano
27
160
696
626
103
200
41
3
29
109
3
2
57
77
.319
.381
.534
.914
142
334
19
8
0
5
14
#
RF
David DeJesus
30
91
394
352
46
112
23
3
5
37
3
3
34
47
.318
.384
.443
.827
127
156
10
4
3
1
2
#
C
Carlos Ruiz
31
121
433
371
43
112
28
1
8
53
0
1
55
54
.302
.400
.447
.847
128
166
8
6
0
1
13
#
3B
Alex Rodriguez
34
137
595
522
74
141
29
2
30
125
4
3
59
98
.270
.341
.506
.847
123
264
7
3
0
11
1
#
CF
Austin Jackson
23
151
675
618
103
181
34
10
4
41
27
6
47
170
.293
.345
.400
.745
102
247
5
4
3
3
4
#
LF
Brett Gardner
26
150
569
477
97
132
20
7
5
47
47
9
79
101
.277
.383
.379
.762
106
181
6
5
5
3
1
#
DH
Hideki Matsui
36
145
554
482
55
132
24
1
21
84
0
1
67
98
.274
.361
.459
.820
124
221
10
1
0
4
6
###
#
CF
Aaron Rowand
32
105
357
331
42
76
12
2
11
34
5
3
16
74
.230
.281
.378
.659
75
125
11
8
1
1
3
#
SS
Adam Everett
33
31
89
81
6
15
5
0
0
4
2
1
4
18
.185
.221
.247
.468
27
20
1
0
3
1
0
#
2B
Adam Kennedy
34
135
389
342
43
85
16
1
3
31
14
2
37
44
.249
.327
.327
.655
79
112
10
5
1
4
1
#
DH
Adam Lind
26
150
613
569
57
135
32
3
23
72
0
0
38
144
.237
.287
.425
.712
92
242
10
3
0
3
3
@@@
#
SP
CC Sabathia
29
21
7
.750
3.18
34
34
0
2
0
0
237.2
209
92
84
20
74
6
197
7
1
8
970
134
1.191
7.9
0.8
2.8
7.5
2.66
###
#
P
Andy Sonnanstine
27
3
1
.750
4.44
41
4
23
0
0
1
81.0
83
40
40
11
27
3
50
7
0
3
355
89
1.358
9.2
1.2
3.0
5.6
1.85
#
RP
Arthur Rhodes
40
4
4
.500
2.29
69
0
8
0
0
0
55.0
38
14
14
4
18
0
50
1
0
1
217
175
1.018
6.2
0.7
2.9
8.2
2.78
#
CL
Billy Wagner
38
7
2
.778
1.43
71
0
64
0
0
37
69.1
38
14
11
5
22
3
104
3
0
2
268
275
0.865
4.9
0.6
2.9
13.5
4.73
#
P
Blake Hawksworth
27
4
8
.333
4.98
45
8
9
0
0
0
90.1
113
56
50
15
35
0
61
2
3
1
409
79
1.638
11.3
1.5
3.5
6.1
1.74
