#
SS
Anderson Hernandez
27
22
63
61
6
15
3
0
0
2
1
0
2
9
.246
.270
.295
.565
59
18
2
0
0
0
0
#
2B
Aaron Hill
28
138
580
528
70
108
22
0
26
68
2
2
41
85
.205
.271
.394
.665
79
208
8
8
1
2
2
#
1B
Daric Barton
24
159
686
556
79
152
33
5
10
57
7
3
110
102
.273
.393
.405
.798
119
225
8
3
12
5
2
#
LF
Daniel Nava
27
60
188
161
23
39
14
1
1
26
1
1
19
46
.242
.351
.360
.711
91
58
5
8
0
0
1
#
C
Carlos Santana
24
46
192
150
23
39
13
0
6
22
3
0
37
29
.260
.401
.467
.868
144
70
3
1
0
4
2
#
CF
Gregor Blanco
26
49
203
179
22
49
8
3
1
11
10
2
21
35
.274
.348
.369
.717
97
66
3
0
2
1
0
#
DH
David Ortiz
34
145
606
518
86
140
36
1
32
102
0
1
82
145
.270
.370
.529
.899
137
274
12
2
0
4
14
#
RF
Gabe Kapler
34
59
140
124
19
26
4
0
2
14
1
1
11
24
.210
.288
.290
.578
62
36
3
3
1
1
0
#
3B
Alex Rodriguez
34
137
595
522
74
141
29
2
30
125
4
3
59
98
.270
.341
.506
.847
123
264
7
3
0
11
1
###
#
2B
Alex Cora
34
62
187
169
14
35
6
3
0
20
4
1
10
16
.207
.265
.278
.543
49
47
4
4
2
2
1
#
1B
Mitch Moreland
24
47
173
145
20
37
4
0
9
25
3
1
25
36
.255
.364
.469
.833
121
68
3
1
0
2
5
#
RF
Justin Upton
22
133
571
495
73
135
27
3
17
69
18
8
64
152
.273
.356
.442
.799
111
219
20
4
1
7
5
#
RF
Jay Bruce
23
148
573
509
80
143
23
5
25
70
5
4
58
136
.281
.353
.493
.846
127
251
12
1
0
5
5
@@@
#
SP
Chad Billingsley
25
12
11
.522
3.57
31
31
0
1
1
0
191.2
176
82
76
8
69
7
171
10
0
4
817
107
1.278
8.3
0.4
3.2
8.0
2.48
###
#
P
Andrew Miller
25
1
5
.167
8.54
9
7
1
0
0
0
32.2
51
34
31
6
26
2
28
1
0
5
171
50
2.357
14.1
1.7
7.2
7.7
1.08
#
P
Andy Sonnanstine
27
3
1
.750
4.44
41
4
23
0
0
1
81.0
83
40
40
11
27
3
50
7
0
3
355
89
1.358
9.2
1.2
3.0
5.6
1.85
#
RP
Arthur Rhodes
40
4
4
.500
2.29
69
0
8
0
0
0
55.0
38
14
14
4
18
0
50
1
0
1
217
175
1.018
6.2
0.7
2.9
8.2
2.78
#
CL
Billy Wagner
38
7
2
.778
1.43
71
0
64
0
0
37
69.1
38
14
11
5
22
3
104
3
0
2
268
275
0.865
4.9
0.6
2.9
13.5
4.73
