#
C
Brian McCann
26
143
566
479
63
129
25
0
21
77
5
2
74
98
.269
.375
.453
.828
124
217
12
9
0
4
10
#
1B
Albert Pujols
30
159
700
587
115
183
39
1
42
118
14
4
103
76
.312
.414
.596
1.011
173
350
23
4
0
6
38
#
2B
Robinson Cano
27
160
696
626
103
200
41
3
29
109
3
2
57
77
.319
.381
.534
.914
142
334
19
8
0
5
14
#
SS
Derek Jeter
36
157
739
663
111
179
30
3
10
67
18
5
63
106
.270
.340
.370
.710
90
245
22
9
1
3
4
#
3B
Alex Rodriguez
34
137
595
522
74
141
29
2
30
125
4
3
59
98
.270
.341
.506
.847
123
264
7
3
0
11
1
#
LF
Daniel Nava
27
60
188
161
23
39
14
1
1
26
1
1
19
46
.242
.351
.360
.711
91
58
5
8
0
0
1
#
CF
Andrew McCutchen
23
154
653
570
94
163
35
5
16
56
33
10
70
89
.286
.365
.449
.814
120
256
6
5
1
7
1
#
RF
David DeJesus
30
91
394
352
46
112
23
3
5
37
3
3
34
47
.318
.384
.443
.827
127
156
10
4
3
1
2
#
DH
Jack Cust
31
112
425
349
50
95
19
0
13
52
2
2
68
127
.272
.395
.438
.834
128
153
6
5
0
3
0
###
#
2B
Adam Kennedy
34
135
389
342
43
85
16
1
3
31
14
2
37
44
.249
.327
.327
.655
79
112
10
5
1
4
1
#
DH
Adam Lind
26
150
613
569
57
135
32
3
23
72
0
0
38
144
.237
.287
.425
.712
92
242
10
3
0
3
3
#
2B
Adam Rosales
27
80
279
255
31
69
8
2
7
31
2
2
19
65
.271
.321
.400
.721
96
102
1
1
2
2
0
#
1B
Adrian Gonzalez
28
160
692
591
87
176
33
0
31
101
0
0
93
114
.298
.393
.511
.904
152
302
15
2
2
4
35
@@@
#
SP
CC Sabathia
29
21
7
.750
3.18
34
34
0
2
0
0
237.2
209
92
84
20
74
6
197
7
1
8
970
134
1.191
7.9
0.8
2.8
7.5
2.66
###
#
CL
Andrew Bailey
26
1
3
.250
1.47
47
0
42
0
0
25
49.0
34
8
8
3
13
1
42
0
0
0
189
284
0.959
6.2
0.6
2.4
7.7
3.23
#
P
Andrew Miller
25
1
5
.167
8.54
9
7
1
0
0
0
32.2
51
34
31
6
26
2
28
1
0
5
171
50
2.357
14.1
1.7
7.2
7.7
1.08
#
P
Andy Sonnanstine
27
3
1
.750
4.44
41
4
23
0
0
1
81.0
83
40
40
11
27
3
50
7
0
3
355
89
1.358
9.2
1.2
3.0
5.6
1.85
#
RP
Arthur Rhodes
40
4
4
.500
2.29
69
0
8
0
0
0
55.0
38
14
14
4
18
0
50
1
0
1
217
175
1.018
6.2
0.7
2.9
8.2
2.78
