#
SS
Troy Tulowitzki
25
122
529
470
89
148
32
3
27
95
11
2
48
78
.315
.381
.568
.949
138
267
17
5
1
5
4
#
1B
Mark Teixeira
30
158
712
601
113
154
36
0
33
108
0
1
93
122
.256
.365
.481
.846
125
289
15
13
0
5
6
#
2B
Robinson Cano
27
160
696
626
103
200
41
3
29
109
3
2
57
77
.319
.381
.534
.914
142
334
19
8
0
5
14
#
3B
Alex Rodriguez
34
137
595
522
74
141
29
2
30
125
4
3
59
98
.270
.341
.506
.847
123
264
7
3
0
11
1
#
C
Ivan Rodriguez
38
111
421
398
32
106
18
1
4
49
2
3
16
66
.266
.294
.347
.640
73
138
25
1
2
4
2
#
DH
Vladimir Guerrero
35
152
643
593
83
178
27
1
29
115
4
5
35
60
.300
.345
.496
.841
122
294
19
9
0
6
5
#
LF
Matt Holliday
30
158
675
596
95
186
45
1
28
103
9
5
69
93
.312
.390
.532
.922
149
317
13
8
0
2
10
#
CF
Torii Hunter
34
152
646
573
76
161
36
0
23
90
9
12
61
106
.281
.354
.464
.819
124
266
22
7
0
5
6
#
RF
Nelson Cruz
29
108
445
399
60
127
31
3
22
78
17
4
38
81
.318
.374
.576
.950
150
230
12
1
1
6
5
###
##
1B
Ryan Howard
30
143
620
550
87
152
23
5
31
108
1
1
59
157
.276
.353
.505
.859
128
278
14
8
0
3
11
##
3B
Ryan Zimmerman
25
142
603
525
85
161
32
0
25
85
4
1
69
98
.307
.388
.510
.899
142
268
16
4
0
5
6
@@@
#
SP
Zack Greinke
26
10
14
.417
4.17
33
33
0
3
0
0
220.0
219
114
102
18
55
1
181
7
0
4
919
100
1.245
9.0
0.7
2.3
7.4
3.29
###
##
CL
Mariano Rivera
40
3
3
.500
1.80
61
0
55
0
0
33
60.0
39
14
12
2
11
3
45
5
0
0
230
238
0.833
5.9
0.3
1.7
6.8
4.09
##
CL
Andrew Bailey
26
1
3
.250
1.47
47
0
42
0
0
25
49.0
34
8
8
3
13
1
42
0
0
0
189
284
0.959
6.2
0.6
2.4
7.7
3.23

