#
2B
Adam Kennedy
34
135
389
342
43
85
16
1
3
31
14
2
37
44
.249
.327
.327
.655
79
112
10
5
1
4
1
#
1B
Adrian Gonzalez
28
160
692
591
87
176
33
0
31
101
0
0
93
114
.298
.393
.511
.904
152
302
15
2
2
4
35
#
C
Brayan Pena
28
60
174
158
11
40
10
0
1
19
2
0
12
27
.253
.306
.335
.642
76
53
8
1
1
2
0
#
SS
Alex Gonzalez
33
72
292
267
27
64
17
2
6
38
0
2
14
53
.240
.291
.386
.676
83
103
7
6
3
2
2
#
3B
Alex Rodriguez
34
137
595
522
74
141
29
2
30
125
4
3
59
98
.270
.341
.506
.847
123
264
7
3
0
11
1
#
LF
Austin Kearns
30
84
342
301
42
82
18
1
8
42
4
1
34
78
.272
.354
.419
.772
117
126
12
5
0
2
2
#
CF
Alexis Rios
29
147
617
567
89
161
29
3
21
88
34
14
38
93
.284
.334
.457
.791
109
259
21
7
0
5
4
#
RF
Andruw Jones
33
107
328
278
41
64
12
1
19
48
9
2
45
73
.230
.341
.486
.827
119
135
15
3
0
2
0
#
DH
Eric Chavez
32
33
123
111
10
26
8
0
1
10
0
0
8
31
.234
.276
.333
.610
66
37
3
0
0
4
0
###
#
OF
Aaron Cunningham
24
53
147
132
17
38
12
1
1
15
1
3
7
28
.288
.331
.417
.748
109
55
3
3
2
3
1
#
2B
Aaron Miles
33
79
151
139
14
39
5
0
0
9
0
1
6
14
.281
.311
.317
.627
73
44
1
1
3
2
1
#
1B
Adam Dunn
30
158
648
558
85
145
36
2
38
103
0
1
77
199
.260
.356
.536
.892
138
299
10
9
0
4
10
#
CF
Adam Jones
24
149
621
581
76
165
25
5
19
69
7
7
23
119
.284
.325
.442
.767
107
257
17
13
2
2
1
@@@
#
SP
Aaron Harang
32
6
7
.462
5.32
22
20
1
0
0
0
111.2
139
71
66
16
38
0
82
4
0
9
504
75
1.585
11.2
1.3
3.1
6.6
2.16
###
#
P
Adalberto Mendez
28
1
3
.250
5.11
5
5
0
0
0
0
24.2
28
14
14
7
12
0
11
2
0
0
109
83
1.622
10.2
2.6
4.4
4.0
0.92
#
P
Alex Burnett
22
2
2
.500
5.29
41
0
11
0
0
0
47.2
52
28
28
6
23
3
37
2
2
2
211
79
1.573
9.8
1.1
4.3
7.0
1.61
#
CL
Alfredo Simon
29
4
2
.667
4.93
49
0
35
0
0
17
49.1
54
30
27
10
22
2
37
2
0
1
222
86
1.541
9.9
1.8
4.0
6.8
1.68
#
RP
Andrew Cashner
23
2
6
.250
4.80
53
0
9
0
0
0
54.1
55
31
29
8
30
5
50
4
1
4
248
91
1.564
9.1
1.3
5.0
8.3
1.67
