#
C
Brad Ausmus
41
21
71
63
4
14
2
0
0
2
0
0
7
15
.222
.310
.254
.564
58
16
3
1
0
0
1
#
1B
Brett Wallace
23
51
159
144
14
32
6
1
2
13
0
0
8
50
.222
.296
.319
.615
70
46
3
7
0
0
3
#
SS
Asdrubal Cabrera
24
97
425
381
39
105
16
1
3
29
6
4
25
60
.276
.326
.346
.673
90
132
10
5
11
3
0
#
3B
Brendan Harris
29
43
120
108
11
17
3
0
1
4
0
0
9
23
.157
.233
.213
.446
23
23
2
2
0
1
0
#
2B
Andres Blanco
26
68
185
166
17
46
10
1
0
13
0
2
11
24
.277
.330
.349
.679
82
58
0
3
3
2
1
#
LF
Chris Carter
23
24
78
70
8
13
1
0
3
7
1
0
7
21
.186
.256
.329
.585
59
23
3
0
0
1
0
#
CF
Angel Pagan
28
151
633
579
80
168
31
7
11
69
37
9
44
97
.290
.340
.425
.765
108
246
9
1
6
3
5
#
RF
Brad Hawpe
31
88
300
259
24
66
21
2
7
37
2
1
36
68
.255
.343
.432
.776
96
112
4
1
0
4
4
#
DH
Hank Blalock
29
26
69
63
8
16
3
0
1
7
1
1
6
15
.254
.319
.349
.668
86
22
1
0
0
0
0
###
#
2B
Aaron Hill
28
138
580
528
70
108
22
0
26
68
2
2
41
85
.205
.271
.394
.665
79
208
8
8
1
2
2
#
2B
Aaron Miles
33
79
151
139
14
39
5
0
0
9
0
1
6
14
.281
.311
.317
.627
73
44
1
1
3
2
1
#
SS
Adam Everett
33
31
89
81
6
15
5
0
0
4
2
1
4
18
.185
.221
.247
.468
27
20
1
0
3
1
0
#
1B
Adam Dunn
30
158
648
558
85
145
36
2
38
103
0
1
77
199
.260
.356
.536
.892
138
299
10
9
0
4
10
@@@
#
SP
Alex Sanabia
21
5
3
.625
3.73
15
12
0
0
0
0
72.1
74
32
30
6
16
2
47
3
0
0
307
113
1.244
9.2
0.7
2.0
5.8
2.94
###
#
RP
Alexi Ogando
26
4
1
.800
1.30
44
0
12
0
0
0
41.2
31
6
6
2
16
2
39
1
0
3
171
335
1.128
6.7
0.4
3.5
8.4
2.44
#
CL
Andrew Bailey
26
1
3
.250
1.47
47
0
42
0
0
25
49.0
34
8
8
3
13
1
42
0
0
0
189
284
0.959
6.2
0.6
2.4
7.7
3.23
#
CL
Alfredo Simon
29
4
2
.667
4.93
49
0
35
0
0
17
49.1
54
30
27
10
22
2
37
2
0
1
222
86
1.541
9.9
1.8
4.0
6.8
1.68
#
P
Andrew Miller
25
1
5
.167
8.54
9
7
1
0
0
0
32.2
51
34
31
6
26
2
28
1
0
5
171
50
2.357
14.1
1.7
7.2
7.7
1.08
#
RP
Andrew Cashner
23
2
6
.250
4.80
53
0
9
0
0
0
54.1
55
31
29
8
30
5
50
4
1
4
248
91
1.564
9.1
1.3
5.0
8.3
1.67
#
P
Andy Sonnanstine
27
3
1
.750
4.44
41
4
23
0
0
1
81.0
83
40
40
11
27
3
50
7
0
3
355
89
1.358
9.2
1.2
3.0
5.6
1.85
