#
RF
Delwyn Young
28
110
207
191
22
45
11
1
7
28
1
0
13
52
.236
.286
.414
.700
87
79
5
1
1
1
0
#
C
Bengie Molina
35
61
221
202
17
52
6
0
3
17
0
0
14
19
.257
.312
.332
.644
74
67
7
3
0
2
4
#
2B
Akinori Iwamura
31
54
193
165
18
30
6
1
2
9
3
1
26
31
.182
.292
.267
.558
53
44
4
0
1
1
0
#
SS
Brendan Ryan
28
139
486
439
50
98
19
3
2
36
11
4
33
60
.223
.279
.294
.573
57
129
6
2
9
3
5
#
1B
Albert Pujols
30
159
700
587
115
183
39
1
42
118
14
4
103
76
.312
.414
.596
1.011
173
350
23
4
0
6
38
#
LF
Carl Crawford
28
154
657
600
110
184
30
13
19
90
47
10
46
104
.307
.356
.495
.851
134
297
2
3
3
5
3
#
CF
B.J. Upton
25
154
610
536
89
127
38
4
18
62
42
9
67
164
.237
.322
.424
.745
105
227
13
2
1
4
1
#
3B
David Freese
27
70
270
240
28
71
12
1
4
36
1
1
21
59
.296
.361
.404
.765
109
97
7
4
4
1
0
#
DH
Jose Guillen
34
106
437
396
46
101
17
2
16
62
1
0
27
84
.255
.314
.429
.743
102
170
9
9
0
5
1
###
#
2B
Adam Kennedy
34
135
389
342
43
85
16
1
3
31
14
2
37
44
.249
.327
.327
.655
79
112
10
5
1
4
1
#
DH
Adam Lind
26
150
613
569
57
135
32
3
23
72
0
0
38
144
.237
.287
.425
.712
92
242
10
3
0
3
3
#
2B
Adam Rosales
27
80
279
255
31
69
8
2
7
31
2
2
19
65
.271
.321
.400
.721
96
102
1
1
2
2
0
#
1B
Adrian Gonzalez
28
160
692
591
87
176
33
0
31
101
0
0
93
114
.298
.393
.511
.904
152
302
15
2
2
4
35
@@@
#
SP
Barry Zito
32
9
14
.391
4.15
34
33
1
1
0
0
199.1
184
97
92
20
84
7
150
7
0
7
848
98
1.344
8.3
0.9
3.8
6.8
1.79
###
#
P
Bill Bray
27
0
2
.000
4.13
35
0
4
0
0
0
28.1
21
13
13
4
10
1
30
0
0
2
117
98
1.094
6.7
1.3
3.2
9.5
3.00
#
RP
Arthur Rhodes
40
4
4
.500
2.29
69
0
8
0
0
0
55.0
38
14
14
4
18
0
50
1
0
1
217
175
1.018
6.2
0.7
2.9
8.2
2.78
#
P
Adam Ottavino
24
0
2
.000
8.46
5
3
0
0
0
0
22.1
37
21
21
5
9
1
12
0
0
1
110
47
2.060
14.9
2.0
3.6
4.8
1.33
#
RP
Andrew Cashner
23
2
6
.250
4.80
53
0
9
0
0
0
54.1
55
31
29
8
30
5
50
4
1
4
248
91
1.564
9.1
1.3
5.0
8.3
1.67
