#
C
Francisco Cervelli
24
93
317
266
27
72
11
3
0
38
1
1
33
42
.271
.359
.335
.694
88
89
7
6
8
4
1
#
1B
Albert Pujols
30
159
700
587
115
183
39
1
42
118
14
4
103
76
.312
.414
.596
1.011
173
350
23
4
0
6
38
#
2B
Chase Utley
31
115
511
425
75
117
20
2
16
65
13
2
63
63
.275
.387
.445
.832
124
189
4
18
0
5
3
#
SS
Derek Jeter
36
157
739
663
111
179
30
3
10
67
18
5
63
106
.270
.340
.370
.710
90
245
22
9
1
3
4
#
3B
Alex Rodriguez
34
137
595
522
74
141
29
2
30
125
4
3
59
98
.270
.341
.506
.847
123
264
7
3
0
11
1
#
LF
Brett Gardner
26
150
569
477
97
132
20
7
5
47
47
9
79
101
.277
.383
.379
.762
106
181
6
5
5
3
1
#
CF
Carlos Beltran
33
64
255
220
21
56
11
3
7
27
3
1
30
39
.255
.341
.427
.768
109
94
4
1
0
4
5
#
RF
David DeJesus
30
91
394
352
46
112
23
3
5
37
3
3
34
47
.318
.384
.443
.827
127
156
10
4
3
1
2
#
DH
Johnny Damon
36
145
613
539
81
146
36
5
8
51
11
1
69
90
.271
.355
.401
.756
106
216
5
2
2
1
2
###
#
CF
Adam Jones
24
149
621
581
76
165
25
5
19
69
7
7
23
119
.284
.325
.442
.767
107
257
17
13
2
2
1
#
1B
Adam LaRoche
30
151
615
560
75
146
37
2
25
100
0
1
48
172
.261
.320
.468
.788
106
262
8
3
0
4
4
#
2B
Adam Rosales
27
80
279
255
31
69
8
2
7
31
2
2
19
65
.271
.321
.400
.721
96
102
1
1
2
2
0
#
1B
Adrian Gonzalez
28
160
692
591
87
176
33
0
31
101
0
0
93
114
.298
.393
.511
.904
152
302
15
2
2
4
35
@@@
#
SP
CC Sabathia
29
21
7
.750
3.18
34
34
0
2
0
0
237.2
209
92
84
20
74
6
197
7
1
8
970
134
1.191
7.9
0.8
2.8
7.5
2.66
###
#
P
Anthony Lerew
27
1
4
.200
8.54
6
6
0
0
0
0
26.1
34
25
25
9
9
0
18
2
0
1
120
50
1.633
11.6
3.1
3.1
6.2
2.00
#
P
Bill Bray
27
0
2
.000
4.13
35
0
4
0
0
0
28.1
21
13
13
4
10
1
30
0
0
2
117
98
1.094
6.7
1.3
3.2
9.5
3.00
#
CL
Billy Wagner
38
7
2
.778
1.43
71
0
64
0
0
37
69.1
38
14
11
5
22
3
104
3
0
2
268
275
0.865
4.9
0.6
2.9
13.5
4.73
#
P
Blake Hawksworth
27
4
8
.333
4.98
45
8
9
0
0
0
90.1
113
56
50
15
35
0
61
2
3
1
409
79
1.638
11.3
1.5
3.5
6.1
1.74
