#
C
Chris Gimenez
27
28
67
58
6
11
5
0
1
8
0
0
8
22
.190
.288
.328
.615
73
19
1
0
1
0
0
#
1B
Jeff Clement
26
54
153
144
11
29
3
0
7
12
0
0
6
37
.201
.237
.368
.605
61
53
2
1
1
1
3
#
2B
Brent Lillibridge
26
64
101
98
19
22
5
2
2
16
5
3
3
36
.224
.248
.378
.625
65
37
2
0
0
0
0
#
SS
Juan Castro
38
54
136
126
7
25
5
0
0
13
0
1
7
23
.198
.237
.238
.475
29
30
1
0
1
2
0
#
3B
Andy LaRoche
26
102
271
247
26
51
8
0
4
16
1
1
19
43
.206
.268
.287
.555
51
71
7
2
2
1
0
#
LF
Eric Patterson
27
45
111
103
13
21
5
2
4
9
6
0
7
31
.204
.255
.408
.662
78
42
1
0
1
0
0
#
CF
Aaron Rowand
32
105
357
331
42
76
12
2
11
34
5
3
16
74
.230
.281
.378
.659
75
125
11
8
1
1
3
#
RF
Domonic Brown
22
35
70
62
8
13
3
0
2
13
2
1
5
24
.210
.257
.355
.612
63
22
1
0
0
3
1
#
DH
Ken Griffey
40
33
108
98
6
18
2
0
0
7
0
0
9
17
.184
.250
.204
.454
30
20
3
0
0
1
0
###
#
1B
Adam LaRoche
30
151
615
560
75
146
37
2
25
100
0
1
48
172
.261
.320
.468
.788
106
262
8
3
0
4
4
#
C
Adam Moore
26
60
218
205
12
40
6
0
4
15
0
1
8
63
.195
.230
.283
.513
44
58
3
2
1
2
1
#
3B
Adrian Beltre
31
154
641
589
84
189
49
2
28
102
2
1
40
82
.321
.365
.553
.919
141
326
25
5
0
7
10
#
2B
Akinori Iwamura
31
54
193
165
18
30
6
1
2
9
3
1
26
31
.182
.292
.267
.558
53
44
4
0
1
1
0
@@@
#
SP
Charlie Morton
26
2
12
.143
7.57
17
17
0
0
0
0
79.2
112
79
67
15
26
3
59
7
1
5
382
54
1.732
12.7
1.7
2.9
6.7
2.27
###
#
RP
Andrew Cashner
23
2
6
.250
4.80
53
0
9
0
0
0
54.1
55
31
29
8
30
5
50
4
1
4
248
91
1.564
9.1
1.3
5.0
8.3
1.67
#
P
Andrew Oliver
22
0
4
.000
7.36
5
5
0
0
0
0
22.0
26
22
18
3
13
2
18
2
0
3
102
58
1.773
10.6
1.2
5.3
7.4
1.38
#
P
Anthony Lerew
27
1
4
.200
8.54
6
6
0
0
0
0
26.1
34
25
25
9
9
0
18
2
0
1
120
50
1.633
11.6
3.1
3.1
6.2
2.00
#
P
Bill Bray
27
0
2
.000
4.13
35
0
4
0
0
0
28.1
21
13
13
4
10
1
30
0
0
2
117
98
1.094
6.7
1.3
3.2
9.5
3.00
