#
C
Adam Moore
26
60
218
205
12
40
6
0
4
15
0
1
8
63
.195
.230
.283
.513
44
58
3
2
1
2
1
#
SS
Alex Gonzalez
33
72
292
267
27
64
17
2
6
38
0
2
14
53
.240
.291
.386
.676
83
103
7
6
3
2
2
#
1B
Adrian Gonzalez
28
160
692
591
87
176
33
0
31
101
0
0
93
114
.298
.393
.511
.904
152
302
15
2
2
4
35
#
2B
Adam Kennedy
34
135
389
342
43
85
16
1
3
31
14
2
37
44
.249
.327
.327
.655
79
112
10
5
1
4
1
#
LF
Austin Kearns
30
84
342
301
42
82
18
1
8
42
4
1
34
78
.272
.354
.419
.772
117
126
12
5
0
2
2
#
CF
Alexis Rios
29
147
617
567
89
161
29
3
21
88
34
14
38
93
.284
.334
.457
.791
109
259
21
7
0
5
4
#
RF
Andruw Jones
33
107
328
278
41
64
12
1
19
48
9
2
45
73
.230
.341
.486
.827
119
135
15
3
0
2
0
#
DH
Eric Chavez
32
33
123
111
10
26
8
0
1
10
0
0
8
31
.234
.276
.333
.610
66
37
3
0
0
4
0
#
3B
Alex Rodriguez
34
137
595
522
74
141
29
2
30
125
4
3
59
98
.270
.341
.506
.847
123
264
7
3
0
11
1
###
#
2B
Aaron Hill
28
138
580
528
70
108
22
0
26
68
2
2
41
85
.205
.271
.394
.665
79
208
8
8
1
2
2
#
2B
Alex Cora
34
62
187
169
14
35
6
3
0
20
4
1
10
16
.207
.265
.278
.543
49
47
4
4
2
2
1
#
SS
Alexei Ramirez
28
156
626
585
83
165
29
2
18
70
13
8
27
82
.282
.313
.431
.744
97
252
12
2
7
5
2
#
RF
Allen Craig
25
44
124
114
12
28
7
0
4
18
0
1
9
26
.246
.298
.412
.711
92
47
1
0
0
1
1
@@@
#
SP
Brad Bergesen
24
8
12
.400
4.98
30
28
1
2
0
0
170.0
193
104
94
26
51
4
81
7
3
0
746
85
1.435
10.2
1.4
2.7
4.3
1.59
###
#
P
Andy Sonnanstine
27
3
1
.750
4.44
41
4
23
0
0
1
81.0
83
40
40
11
27
3
50
7
0
3
355
89
1.358
9.2
1.2
3.0
5.6
1.85
#
RP
Andrew Cashner
23
2
6
.250
4.80
53
0
9
0
0
0
54.1
55
31
29
8
30
5
50
4
1
4
248
91
1.564
9.1
1.3
5.0
8.3
1.67
#
P
Adam Ottavino
24
0
2
.000
8.46
5
3
0
0
0
0
22.1
37
21
21
5
9
1
12
0
0
1
110
47
2.060
14.9
2.0
3.6
4.8
1.33
#
P
Aaron Laffey
25
2
3
.400
4.53
29
5
1
0
0
0
55.2
62
30
28
1
28
1
28
2
0
1
253
86
1.617
10.0
0.2
4.5
4.5
1.00
#
P
Bobby Cramer
30
2
1
.667
3.04
4
4
0
0
0
0
23.2
20
8
8
5
6
0
13
0
0
0
93
138
1.099
7.6
1.9
2.3
4.9
2.17
#
CL
Billy Wagner
38
7
2
.778
1.43
71
0
64
0
0
37
69.1
38
14
11
5
22
3
104
3
0
2
268
275
0.865
4.9
0.6
2.9
13.5
4.73
