#
3B
Chad Tracy
30
41
111
102
5
25
6
0
1
10
0
0
6
21
.245
.297
.333
.631
67
34
2
2
0
1
0
#
C
Brian Schneider
33
47
147
125
17
30
4
1
4
15
0
0
19
25
.240
.345
.384
.729
96
48
3
1
2
0
2
#
1B
Derrek Lee
34
109
475
418
63
105
21
0
16
56
1
3
52
101
.251
.335
.416
.751
95
174
16
2
0
3
1
#
2B
Chase Utley
31
115
511
425
75
117
20
2
16
65
13
2
63
63
.275
.387
.445
.832
124
189
4
18
0
5
3
#
SS
Craig Counsell
39
102
230
204
16
51
8
0
2
21
1
1
21
29
.250
.322
.319
.640
76
65
0
1
3
1
0
#
LF
Delmon Young
24
153
613
570
77
170
46
1
21
112
5
4
28
81
.298
.333
.493
.826
121
281
16
6
0
9
5
#
CF
Coco Crisp
30
75
328
290
51
81
14
4
8
38
32
3
30
49
.279
.342
.438
.779
112
127
6
0
3
5
0
#
RF
Domonic Brown
22
35
70
62
8
13
3
0
2
13
2
1
5
24
.210
.257
.355
.612
63
22
1
0
0
3
1
#
DH
Luke Scott
32
131
517
447
70
127
29
1
27
72
2
0
59
98
.284
.368
.535
.902
142
239
9
4
0
7
4
###
#
DH
Adam Lind
26
150
613
569
57
135
32
3
23
72
0
0
38
144
.237
.287
.425
.712
92
242
10
3
0
3
3
#
2B
Adam Rosales
27
80
279
255
31
69
8
2
7
31
2
2
19
65
.271
.321
.400
.721
96
102
1
1
2
2
0
#
1B
Adrian Gonzalez
28
160
692
591
87
176
33
0
31
101
0
0
93
114
.298
.393
.511
.904
152
302
15
2
2
4
35
#
1B
Albert Pujols
30
159
700
587
115
183
39
1
42
118
14
4
103
76
.312
.414
.596
1.011
173
350
23
4
0
6
38
@@@
#
SP
Brad Bergesen
24
8
12
.400
4.98
30
28
1
2
0
0
170.0
193
104
94
26
51
4
81
7
3
0
746
85
1.435
10.2
1.4
2.7
4.3
1.59
###
#
P
Andy Sonnanstine
27
3
1
.750
4.44
41
4
23
0
0
1
81.0
83
40
40
11
27
3
50
7
0
3
355
89
1.358
9.2
1.2
3.0
5.6
1.85
#
RP
Arthur Rhodes
40
4
4
.500
2.29
69
0
8
0
0
0
55.0
38
14
14
4
18
0
50
1
0
1
217
175
1.018
6.2
0.7
2.9
8.2
2.78
#
CL
Billy Wagner
38
7
2
.778
1.43
71
0
64
0
0
37
69.1
38
14
11
5
22
3
104
3
0
2
268
275
0.865
4.9
0.6
2.9
13.5
4.73
#
P
Blake Hawksworth
27
4
8
.333
4.98
45
8
9
0
0
0
90.1
113
56
50
15
35
0
61
2
3
1
409
79
1.638
11.3
1.5
3.5
6.1
1.74
#
P
Bob Howry
36
0
3
.000
5.66
24
0
6
0
0
0
20.2
29
19
13
2
7
1
8
0
0
2
101
78
1.742
12.6
0.9
3.0
3.5
1.14
#
P
Bobby Cramer
30
2
1
.667
3.04
4
4
0
0
0
0
23.2
20
8
8
5
6
0
13
0
0
0
93
138
1.099
7.6
1.9
2.3
4.9
2.17
