#
C
A.J. Pierzynski
33
128
503
474
43
128
29
0
9
56
3
4
15
39
.270
.300
.388
.688
83
184
17
6
6
2
2
#
1B
Adam LaRoche
30
151
615
560
75
146
37
2
25
100
0
1
48
172
.261
.320
.468
.788
106
262
8
3
0
4
4
#
2B
Aaron Miles
33
79
151
139
14
39
5
0
0
9
0
1
6
14
.281
.311
.317
.627
73
44
1
1
3
2
1
#
SS
Alcides Escobar
23
145
552
506
57
119
14
10
4
41
10
4
36
70
.235
.288
.326
.614
67
165
8
3
4
3
7
#
3B
Alberto Callaspo
27
88
373
349
40
96
19
2
8
43
3
1
19
29
.275
.308
.410
.718
95
143
14
0
0
5
2
#
LF
Alfonso Soriano
34
147
548
496
67
128
40
3
24
79
5
1
45
123
.258
.322
.496
.818
110
246
12
3
1
3
3
#
CF
Adam Jones
24
149
621
581
76
165
25
5
19
69
7
7
23
119
.284
.325
.442
.767
107
257
17
13
2
2
1
#
RF
Andre Ethier
28
139
585
517
71
151
33
1
23
82
2
1
59
102
.292
.364
.493
.857
134
255
11
3
0
6
11
#
DH
David Ortiz
34
145
606
518
86
140
36
1
32
102
0
1
82
145
.270
.370
.529
.899
137
274
12
2
0
4
14
###
#
2B
Adam Kennedy
34
135
389
342
43
85
16
1
3
31
14
2
37
44
.249
.327
.327
.655
79
112
10
5
1
4
1
#
2B
Adam Rosales
27
80
279
255
31
69
8
2
7
31
2
2
19
65
.271
.321
.400
.721
96
102
1
1
2
2
0
#
2B
Akinori Iwamura
31
54
193
165
18
30
6
1
2
9
3
1
26
31
.182
.292
.267
.558
53
44
4
0
1
1
0
#
IF
Alberto Gonzalez
27
114
198
186
19
46
8
1
0
5
0
0
7
30
.247
.277
.301
.578
57
56
8
1
3
1
0
@@@
#
SP
Aaron Cook
31
6
8
.429
5.08
23
23
0
2
0
0
127.2
147
77
72
11
52
4
62
4
1
3
572
91
1.559
10.4
0.8
3.7
4.4
1.19
###
#
P
Aaron Laffey
25
2
3
.400
4.53
29
5
1
0
0
0
55.2
62
30
28
1
28
1
28
2
0
1
253
86
1.617
10.0
0.2
4.5
4.5
1.00
#
P
Adam Ottavino
24
0
2
.000
8.46
5
3
0
0
0
0
22.1
37
21
21
5
9
1
12
0
0
1
110
47
2.060
14.9
2.0
3.6
4.8
1.33
#
RP
Alexi Ogando
26
4
1
.800
1.30
44
0
12
0
0
0
41.2
31
6
6
2
16
2
39
1
0
3
171
335
1.128
6.7
0.4
3.5
8.4
2.44
#
CL
Andrew Bailey
26
1
3
.250
1.47
47
0
42
0
0
25
49.0
34
8
8
3
13
1
42
0
0
0
189
284
0.959
6.2
0.6
2.4
7.7
3.23
