#
C
A.J. Pierzynski
33
128
503
474
43
128
29
0
9
56
3
4
15
39
.270
.300
.388
.688
83
184
17
6
6
2
2
#
1B
Adam LaRoche
30
151
615
560
75
146
37
2
25
100
0
1
48
172
.261
.320
.468
.788
106
262
8
3
0
4
4
#
2B
Chris Getz
26
72
248
224
23
53
9
0
0
18
15
2
19
28
.237
.302
.277
.579
61
62
3
2
3
0
1
#
SS
Cesar Izturis
30
150
513
473
42
109
13
1
1
28
11
5
25
53
.230
.277
.268
.545
50
127
11
6
7
2
1
#
3B
Chad Tracy
30
41
111
102
5
25
6
0
1
10
0
0
6
21
.245
.297
.333
.631
67
34
2
2
0
1
0
#
LF
Brett Gardner
26
150
569
477
97
132
20
7
5
47
47
9
79
101
.277
.383
.379
.762
106
181
6
5
5
3
1
#
CF
Austin Jackson
23
151
675
618
103
181
34
10
4
41
27
6
47
170
.293
.345
.400
.745
102
247
5
4
3
3
4
#
RF
Delwyn Young
28
110
207
191
22
45
11
1
7
28
1
0
13
52
.236
.286
.414
.700
87
79
5
1
1
1
0
#
DH
Jack Cust
31
112
425
349
50
95
19
0
13
52
2
2
68
127
.272
.395
.438
.834
128
153
6
5
0
3
0
###
#
3B
Adrian Beltre
31
154
641
589
84
189
49
2
28
102
2
1
40
82
.321
.365
.553
.919
141
326
25
5
0
7
10
#
CF
Adam Jones
24
149
621
581
76
165
25
5
19
69
7
7
23
119
.284
.325
.442
.767
107
257
17
13
2
2
1
#
IF
Alberto Gonzalez
27
114
198
186
19
46
8
1
0
5
0
0
7
30
.247
.277
.301
.578
57
56
8
1
3
1
0
#
CF
Aaron Rowand
32
105
357
331
42
76
12
2
11
34
5
3
16
74
.230
.281
.378
.659
75
125
11
8
1
1
3
@@@
#
SP
Brett Myers
29
14
8
.636
3.14
33
33
0
2
0
0
223.2
212
88
78
20
66
3
180
3
0
2
936
123
1.243
8.5
0.8
2.7
7.2
2.73
###
#
P
Adalberto Mendez
28
1
3
.250
5.11
5
5
0
0
0
0
24.2
28
14
14
7
12
0
11
2
0
0
109
83
1.622
10.2
2.6
4.4
4.0
0.92
#
RP
Blake Wood
24
1
3
.250
5.07
51
0
13
0
0
0
49.2
54
29
28
6
22
5
31
1
0
3
220
83
1.530
9.8
1.1
4.0
5.6
1.41
#
P
Andrew Oliver
22
0
4
.000
7.36
5
5
0
0
0
0
22.0
26
22
18
3
13
2
18
2
0
3
102
58
1.773
10.6
1.2
5.3
7.4
1.38
#
P
Bobby Cassevah
24
1
2
.333
3.15
16
0
9
0
0
0
20.0
23
11
7
0
8
2
8
1
0
1
94
131
1.550
10.4
0.0
3.6
3.6
1.00
#
CL
Andrew Bailey
26
1
3
.250
1.47
47
0
42
0
0
25
49.0
34
8
8
3
13
1
42
0
0
0
189
284
0.959
6.2
0.6
2.4
7.7
3.23
#
P
Blake Hawksworth
27
4
8
.333
4.98
45
8
9
0
0
0
90.1
113
56
50
15
35
0
61
2
3
1
409
79
1.638
11.3
1.5
3.5
6.1
1.74
