#
SS
Jose Reyes
27
133
603
563
83
159
29
10
11
54
30
10
31
63
.282
.321
.428
.749
103
241
8
2
4
3
4
#
LF
Carl Crawford
28
154
657
600
110
184
30
13
19
90
47
10
46
104
.307
.356
.495
.851
134
297
2
3
3
5
3
#
3B
David Wright
27
157
670
587
87
166
36
3
29
103
19
11
69
161
.283
.354
.503
.856
131
295
12
2
0
12
9
#
DH
Jim Thome
39
108
340
276
48
78
16
2
25
59
0
0
60
82
.283
.412
.627
1.039
178
173
8
2
0
2
4
#
C
Buster Posey
23
108
443
406
58
124
23
2
18
67
0
2
30
55
.305
.357
.505
.862
129
205
12
4
0
3
5
#
2B
Chase Utley
31
115
511
425
75
117
20
2
16
65
13
2
63
63
.275
.387
.445
.832
124
189
4
18
0
5
3
#
1B
Ike Davis
23
147
601
523
73
138
33
1
19
71
3
2
72
138
.264
.351
.440
.791
115
230
13
1
0
5
6
#
RF
Jason Heyward
20
142
623
520
83
144
29
5
18
72
11
6
91
128
.277
.393
.456
.849
131
237
13
10
0
2
2
#
CF
Angel Pagan
28
151
633
579
80
168
31
7
11
69
37
9
44
97
.290
.340
.425
.765
108
246
9
1
6
3
5
###
#
1B
Adam Dunn
30
158
648
558
85
145
36
2
38
103
0
1
77
199
.260
.356
.536
.892
138
299
10
9
0
4
10
#
CF
Adam Jones
24
149
621
581
76
165
25
5
19
69
7
7
23
119
.284
.325
.442
.767
107
257
17
13
2
2
1
#
1B
Adam LaRoche
30
151
615
560
75
146
37
2
25
100
0
1
48
172
.261
.320
.468
.788
106
262
8
3
0
4
4
#
C
Adam Moore
26
60
218
205
12
40
6
0
4
15
0
1
8
63
.195
.230
.283
.513
44
58
3
2
1
2
1
@@@
#
SP
Johan Santana
31
11
9
.550
2.98
29
29
0
4
2
0
199.0
179
67
66
16
55
2
144
2
2
2
817
131
1.176
8.1
0.7
2.5
6.5
2.62
###
#
P
Anthony Lerew
27
1
4
.200
8.54
6
6
0
0
0
0
26.1
34
25
25
9
9
0
18
2
0
1
120
50
1.633
11.6
3.1
3.1
6.2
2.00
#
P
Bill Bray
27
0
2
.000
4.13
35
0
4
0
0
0
28.1
21
13
13
4
10
1
30
0
0
2
117
98
1.094
6.7
1.3
3.2
9.5
3.00
#
RP
Blaine Boyer
28
3
2
.600
4.26
54
0
11
0
0
0
57.0
59
32
27
3
29
1
29
1
0
2
251
100
1.544
9.3
0.5
4.6
4.6
1.00
#
RP
Blake Wood
24
1
3
.250
5.07
51
0
13
0
0
0
49.2
54
29
28
6
22
5
31
1
0
3
220
83
1.530
9.8
1.1
4.0
5.6
1.41
