#
C
Brian Schneider
33
47
147
125
17
30
4
1
4
15
0
0
19
25
.240
.345
.384
.729
96
48
3
1
2
0
2
#
2B
Cristian Guzman
32
89
346
319
44
90
11
4
2
25
4
2
17
53
.282
.327
.361
.687
87
115
7
5
3
2
3
#
SS
Erick Aybar
26
138
589
534
69
135
18
4
5
29
22
8
35
81
.253
.306
.330
.636
76
176
7
7
11
2
1
#
3B
Chris Johnson
25
94
362
341
40
105
22
2
11
52
3
0
15
91
.308
.337
.481
.818
123
164
8
2
0
4
2
#
LF
Gabe Gross
30
105
243
222
27
53
11
1
1
25
5
1
17
39
.239
.290
.311
.601
65
69
5
0
2
2
2
#
1B
Jason Giambi
39
87
222
176
17
43
9
0
6
35
2
0
35
47
.244
.378
.398
.776
98
70
5
6
0
5
5
#
CF
Denard Span
26
153
705
629
85
166
24
10
3
58
26
4
60
74
.264
.331
.348
.679
85
219
12
4
10
2
0
#
RF
Bobby Abreu
36
154
667
573
88
146
41
1
20
78
24
10
87
132
.255
.352
.435
.787
116
249
13
2
0
5
3
#
DH
Jack Cust
31
112
425
349
50
95
19
0
13
52
2
2
68
127
.272
.395
.438
.834
128
153
6
5
0
3
0
###
#
CF
Aaron Rowand
32
105
357
331
42
76
12
2
11
34
5
3
16
74
.230
.281
.378
.659
75
125
11
8
1
1
3
#
2B
Aaron Hill
28
138
580
528
70
108
22
0
26
68
2
2
41
85
.205
.271
.394
.665
79
208
8
8
1
2
2
#
SS
Adam Everett
33
31
89
81
6
15
5
0
0
4
2
1
4
18
.185
.221
.247
.468
27
20
1
0
3
1
0
#
1B
Adam Dunn
30
158
648
558
85
145
36
2
38
103
0
1
77
199
.260
.356
.536
.892
138
299
10
9
0
4
10
@@@
#
SP
Andy Pettitte
38
11
3
.786
3.28
21
21
0
0
0
0
129.0
123
52
47
13
41
3
101
3
0
2
536
130
1.271
8.6
0.9
2.9
7.0
2.46
###
#
CL
Alfredo Simon
29
4
2
.667
4.93
49
0
35
0
0
17
49.1
54
30
27
10
22
2
37
2
0
1
222
86
1.541
9.9
1.8
4.0
6.8
1.68
#
RP
Alexi Ogando
26
4
1
.800
1.30
44
0
12
0
0
0
41.2
31
6
6
2
16
2
39
1
0
3
171
335
1.128
6.7
0.4
3.5
8.4
2.44
#
P
Alex Burnett
22
2
2
.500
5.29
41
0
11
0
0
0
47.2
52
28
28
6
23
3
37
2
2
2
211
79
1.573
9.8
1.1
4.3
7.0
1.61
#
P
Andrew Miller
25
1
5
.167
8.54
9
7
1
0
0
0
32.2
51
34
31
6
26
2
28
1
0
5
171
50
2.357
14.1
1.7
7.2
7.7
1.08
#
P
Andrew Oliver
22
0
4
.000
7.36
5
5
0
0
0
0
22.0
26
22
18
3
13
2
18
2
0
3
102
58
1.773
10.6
1.2
5.3
7.4
1.38
#
CL
Andrew Bailey
26
1
3
.250
1.47
47
0
42
0
0
25
49.0
34
8
8
3
13
1
42
0
0
0
189
284
0.959
6.2
0.6
2.4
7.7
3.23
