#
C
Bengie Molina
35
61
221
202
17
52
6
0
3
17
0
0
14
19
.257
.312
.332
.644
74
67
7
3
0
2
4
#
1B
Aubrey Huff
33
157
668
569
100
165
35
5
26
86
7
0
83
91
.290
.385
.506
.891
138
288
17
9
0
7
5
#
2B
Akinori Iwamura
31
54
193
165
18
30
6
1
2
9
3
1
26
31
.182
.292
.267
.558
53
44
4
0
1
1
0
#
SS
Angel Sanchez
26
65
269
250
30
70
9
4
0
25
0
1
11
45
.280
.316
.348
.664
83
87
8
2
6
0
0
#
3B
Brendan Harris
29
43
120
108
11
17
3
0
1
4
0
0
9
23
.157
.233
.213
.446
23
23
2
2
0
1
0
#
LF
Carlos Lee
34
157
649
605
67
149
29
1
24
89
3
3
37
59
.246
.291
.417
.708
93
252
20
3
0
4
1
#
CF
B.J. Upton
25
154
610
536
89
127
38
4
18
62
42
9
67
164
.237
.322
.424
.745
105
227
13
2
1
4
1
#
RF
Gabe Kapler
34
59
140
124
19
26
4
0
2
14
1
1
11
24
.210
.288
.290
.578
62
36
3
3
1
1
0
#
DH
Marcus Thames
33
82
237
212
22
61
7
0
12
33
0
0
19
61
.288
.350
.491
.841
122
104
3
3
0
3
0
###
#
2B
Adam Rosales
27
80
279
255
31
69
8
2
7
31
2
2
19
65
.271
.321
.400
.721
96
102
1
1
2
2
0
#
1B
Adrian Gonzalez
28
160
692
591
87
176
33
0
31
101
0
0
93
114
.298
.393
.511
.904
152
302
15
2
2
4
35
#
1B
Albert Pujols
30
159
700
587
115
183
39
1
42
118
14
4
103
76
.312
.414
.596
1.011
173
350
23
4
0
6
38
#
SS
Alcides Escobar
23
145
552
506
57
119
14
10
4
41
10
4
36
70
.235
.288
.326
.614
67
165
8
3
4
3
7
@@@
#
SP
Brett Anderson
22
7
6
.538
2.80
19
19
0
0
0
0
112.1
112
41
35
6
22
2
75
7
2
4
470
148
1.193
9.0
0.5
1.8
6.0
3.41
###
#
P
Bill Bray
27
0
2
.000
4.13
35
0
4
0
0
0
28.1
21
13
13
4
10
1
30
0
0
2
117
98
1.094
6.7
1.3
3.2
9.5
3.00
#
P
Blake Hawksworth
27
4
8
.333
4.98
45
8
9
0
0
0
90.1
113
56
50
15
35
0
61
2
3
1
409
79
1.638
11.3
1.5
3.5
6.1
1.74
#
RP
Blake Wood
24
1
3
.250
5.07
51
0
13
0
0
0
49.2
54
29
28
6
22
5
31
1
0
3
220
83
1.530
9.8
1.1
4.0
5.6
1.41
#
P
Bob Howry
36
0
3
.000
5.66
24
0
6
0
0
0
20.2
29
19
13
2
7
1
8
0
0
2
101
78
1.742
12.6
0.9
3.0
3.5
1.14
#
P
Bobby Cramer
30
2
1
.667
3.04
4
4
0
0
0
0
23.2
20
8
8
5
6
0
13
0
0
0
93
138
1.099
7.6
1.9
2.3
4.9
2.17
#
P
Bobby Parnell
25
0
1
.000
2.83
41
0
10
0
0
0
35.0
41
13
11
1
8
2
33
0
0
0
149
140
1.400
10.5
0.3
2.1
8.5
4.13
